V1
spotify:track:2t2f8SRVqZ7inLKs3Tvg2p
spotify:track:0fDFzVTG8c2fW9EM5f1RHM
spotify:track:0BQH5uHglCuHVImyCjOOHc
spotify:track:7G7JZECVScySAqBhgO8C3k
spotify:track:1foMv2HQwfQ2vntFf9HFeG
spotify:track:0xs3nOb9WDmi0f23KltPvr
spotify:track:5QlaM5UCbsGBSjW88C5lqb
spotify:track:1ed5ib8UKeZsQaN2GFbmrS
spotify:track:16TyUTZ2nkyZ3tYZAhLPnZ
spotify:track:6oNs211OtOGzyZ2fvnMPHS
spotify:track:0vAb3U3NJhiuib2B7sJdeJ
spotify:track:2cGKpvG1sGtoA3OjNEIMOO
spotify:track:2e8gFGRrRxFwOB9uVS3uzm
spotify:track:40WXqoyOLAAugGmJWZU1FY
spotify:track:0zwKqz2DPy3Bs8T747l4zK
spotify:track:2xcRTNxhhCL5HbCp4UGkjh
spotify:track:0Me0AON46mzKgZrgMgdbVh
spotify:track:6eDYgjKl4vUgRusxb7THDu
spotify:track:5RsUlxLto4NZbhJpqJbHfN
spotify:track:0QoLFuJeadUqLmIP6HDuB5
spotify:track:5OkKOkdVTKFrYi6GWXkMzR
spotify:track:4X4NrHp5VpibgirzuImxXd
spotify:track:37QmahKZCWprjJo7R6Sbsf
spotify:track:6SoFlPbVga6onwqlPp9NDh
spotify:track:5Yl623nUsrMf5QBe5dvzb3
spotify:track:005qPpqZ4PYk9JTh2EijJr
spotify:track:2Mb3zpobD0CvJGWv6NpsPy
spotify:track:74t6ZmO6Vzq553l2zRgdhs
spotify:track:0Qhov0DthrYuEyQxGWhdRo
spotify:track:2dE7b02F9NMViYpJT1Dup3
spotify:track:7mUIArtwutOJoJ4rF3r0ZD
spotify:track:2d1D1E8M48hHE99u6BO8RN
spotify:track:49SL9f1Kz73p0bzsNPTY4l
spotify:track:1S30kHvkkdMkcuCTGSgS41
spotify:track:2ZqTtndqAZDRAWw2vgZwQK
spotify:track:4bPQs0PHn4xbipzdPfn6du
spotify:track:4xSVkbqCz1xaevkjP8xXL5
spotify:track:0zewUY3RSh8yaV7q66Okem
spotify:track:5ZuEwg2nE2NHBdHeySjaIa
spotify:track:1b7LMtXCXGc2EwOIplI35z
spotify:track:57J5xM0zYcAQDHIN9jEmXX
spotify:track:2Nz6aF1umHh5Et6I5H581L
spotify:track:21znQv09sTg7sv6nu6DCnD
spotify:track:2tBv9tAdqEbLNDi5smSjbg
spotify:track:2mGEqJahn3CSyCG1BTEqMs
spotify:track:5OwtHpyNpt5bo9OvTuIvZt
spotify:track:1mnQiO568zXIrUncttTZGp
spotify:track:6cFZ4PLC19taNlpl9pbGMf
spotify:track:3aMaemFVNV2VWS9TftJrhc
spotify:track:5eIDxmWYxRA0HJBYM9bIIS
spotify:track:1YBkXyn1nlp2SdCdsNkGtS
spotify:track:1wY45lwOx8LORIpXj0VR3M
spotify:track:2Rua8o4ZNjPx3Q7lHYUgml
spotify:track:72t2MUSXaXmoxLZ5HoAoUb
spotify:track:6NGHfN1N2xvD6vW55Naw5E
spotify:track:23fsZtRjnUdLmDXPyzmOgw
spotify:track:4kXHIm097G3CemN3PzcpgL
spotify:track:3HfEgAaf0koxBpBB8NvGda
spotify:track:18OB8P9DAP4aF6mq9vMYp8
spotify:track:3g4BQQ1icPpH1Evll2kbec
spotify:track:67LKZcv1J2Yj4pk5UIuFQW
spotify:track:0LtOwyZoSNZKJWHqjzADpW
spotify:track:62ZXL1CWLJDiDWUZUhfLfU
spotify:track:70v5mCvyPRquTyU7qTIU81
spotify:track:2Aqc48sn8He26hmTvQ2BMj
spotify:track:5ojZoX3fBZDZHDTmDgf4MW
spotify:track:1EuOJLjHYZCEPcGJqAC3wZ
spotify:track:1zhMtdaOEhEdi49K1aCCLC
spotify:track:2e4jB31WcGsxKL1ByqdZCq
spotify:track:03f7xZmt2wHCIDJBFPK8G4
spotify:track:3fo6DYGktjENCiagUeU9yH
spotify:track:10Lu5P0waAD6jc9u9HycU0
spotify:track:052vSBPxqdmYRDlkSPiavc
spotify:track:3K1tdhoeE6koNnWgAxEK9Y
spotify:track:2L3VnHkRi6ElZL2bqu1nBs
spotify:track:3CRDbSIZ4r5MsZ0YwxuEkn
spotify:track:4j8gmCSLLy0TSFg2brV01g
spotify:track:2Z8WuEywRWYTKe1NybPQEW
spotify:track:5cbpoIu3YjoOwbBDGUEp3P
spotify:track:3bnVBN67NBEzedqQuWrpP4
spotify:track:7i9763l5SSfOnqZ35VOcfy
spotify:track:2P61EK6DMGyVyssLWS4fKy
spotify:track:1lguQJjlNrIOoOylYVZN3M
spotify:track:1s9xuJxhYM0LdVqksjegcg
spotify:track:6GmkJJMe9U1tEcrJ3Hq3A1
spotify:track:57yL3161hUMuw06zzzUCHi
spotify:track:6qi0vMwfN9qRh8wzrOyvp7
spotify:track:2r8rfQL6X43isLNNBTMGxB
spotify:track:5orygsZ5Ga0jEOvftsXqw2
spotify:track:4qlaZj8Lt3QvWWjckQLXUF
spotify:track:63hOJX2jdHeRRXQlCKh6gQ
spotify:track:3gN4UFoOnRHlMl3K4kU5zG
spotify:track:6hHABEHl8MNCIGSYHohwJ5
spotify:track:5ZkVrmcXpByn8ab9I44Cnj
spotify:track:3HMOMdRPywfouYx5B4PvaH
spotify:track:1X3zGRblWJBQNLXAmy4Xej
spotify:track:08uQ6M9Imb6lh0tyHCQwPR
spotify:track:7vlX33qkhVUSMUe0wpTOyc
spotify:track:3l9eg9RtisizG12a1D6nZl
spotify:track:0OcP0ZD8f5paG9taHQNspu
spotify:track:2HMu0epbw9zAnU39qnnwl5
spotify:track:6Y9WuYN6OfMIzKeEgx6El5
spotify:track:3mqCSzmjYjzDMykyBM1CrU
spotify:track:7qHBtTdpBLRUQGQxshfRd2
spotify:track:1wbdOwwLLuiDq1MgMdVJcd
spotify:track:5uRoxIk6Ng1HY2gU1fBn3D
spotify:track:4hMbh2aV8pqd6D0P3yIO4Q
spotify:track:2YIOkqKgg3jZEFoL5qcEPT
spotify:track:0DbvxgPkYpy5auMoE19Pvh
spotify:track:2kkJENGuusOzj1vXN3s0xO
spotify:track:3NNQX4orAyZ0nRkQAqgh1D
spotify:track:6fe0gEcwf4JWDptV11PhHw
spotify:track:5icEcS2TkG3y0HAt1j0M3J
spotify:track:7jCfMSjfhHiPHULtRJawSn
spotify:track:7qnEChnmqWmGGqWgK7ffqS
spotify:track:4LPaThadoXkikpPifeojwC
spotify:track:3jfr0TF6DQcOLat8gGn7E2
spotify:track:2v8X6L6j0kbUPXDZwtXvXU
spotify:track:2LlvrdnLa3XbB1b4jYuCnl
spotify:track:2LdG9xtEzCho3jCr58M6cq
spotify:track:30uJNlHIjfDeE4vr8g9fpf
spotify:track:0t6eWxZFkm89DuTj8tJ2fz
spotify:track:11Z7DsmzTwKIEbSSnPwH1C
spotify:track:3nCkURI30dSOA2ibF493nf
spotify:track:7ArHv3Ry2dWHFwQ8b5BoON
spotify:track:3msQ1AerRdSbjrBk3F4W0q
spotify:track:6a6EnneRMZqlKW9NvOSUBk
spotify:track:4p8hEugsVDbekDgDH4QagU
spotify:track:0KbmCwroqLz198AVwheG3X
spotify:track:13qEEkT0pxs5kUjdKJYdGh
spotify:track:1VWoWiCIMSStUwXAPYbIvs
spotify:track:7qy89JB2o81ENnypnN0JjY
spotify:track:5UBoePilDHnTiBm3PjUdDu
spotify:track:3e2om6XLHXEuZ4xG5xelO1
spotify:track:1IDsNi4APJxhZfkHyHwXdF
spotify:track:0LIP2uUWKwfJhJBoxU7PSz
spotify:track:6VqNhGG3phs2dxms6UVhaw
spotify:track:0y0wRvrqha7OlNsJsZLgWo
spotify:track:0nMtrEi33dPwooopG6FA5f
spotify:track:4xhMnMD6QtmXbRoGeN6q8v
spotify:track:4VVd2YXQs4PXbOO3kmihwf
spotify:track:3TnkIlAkX0CCpJOt57ovqL
spotify:track:12hqNMyzidRtMvCtenEK09
spotify:track:1UmsxOBlPoMbWzIZ05aurH
spotify:track:4y0uvEyAbYhFWXPlrXdTDw
spotify:track:5LjJ1qX05RM0fsNDNvAu7f
spotify:track:1xITs6Uh2dhBEiRSuSFvGY
spotify:track:2DnqngtQEFtm2Eo9AhaMgT
spotify:track:4yG9HRcT4tdz9PmMb5k2ZG
spotify:track:5SdAdDrzHessrGtIx0QFgt
spotify:track:0nck4hWrslOmxRyE1wAaH1
spotify:track:41ClZCKCAAIbglZhM5LWET
spotify:track:5rTIpPWeO0IL4HWlGWrz5G
spotify:track:4OkPamOn5GofkOQu64Z4eR
spotify:track:45QyGXbqTWaFUrIKe2ugs3
spotify:track:11DdPGqDsM3ux1gVAqUIln
spotify:track:7e8utCy2JlSB8dRHKi49xM
spotify:track:7ABWRukVQcXrIrDKDx5Gek
spotify:track:13NCxLOlvQ4Tnexgfp03Gs
spotify:track:7gPd55hW5pVjTm3H9S1Wbv
spotify:track:0ZUXj43fteJjwvGoLMntte
spotify:track:35InpekRUU1txrK2GHnvSH
spotify:track:3lPr8ghNDBLc2uZovNyLs9
spotify:track:4fPBB44eDH71YohayI4eKV
spotify:track:7HGTkn2aX7MNdKs7nV2xBt
spotify:track:3kb72STxc2959ZqsTwu52i
spotify:track:4VqPOruhp5EdPBeR92t6lQ
spotify:track:2tznHmp70DxMyr2XhWLOW0
spotify:track:5n0CTysih20NYdT2S0Wpe8
spotify:track:0X0Lz7LwpiIWcdGqVWaxXD
spotify:track:4sebUbjqbcgDSwG6PbSGI0
spotify:track:12sYWro0wGQpq0rjE0lKcm
spotify:track:1Q3t9fWvHUXKsMmpD2XpUu
spotify:track:0O45fw2L5vsWpdsOdXwNAR
spotify:track:7Lf7oSEVdzZqTA0kEDSlS5
spotify:track:6W2Ef5Ph6ILTUAedoQ3QIv
spotify:track:1iebvc2gYV8wni1jana3Uk
spotify:track:60VtX59NsRINDnObbDtH7G
spotify:track:2jKhryR3qdhwGZYS1jlXCV
spotify:track:6iPTSmYesQjCPWUWON2eBE
spotify:track:4PgsZMCrTna4dyaENLJZuW
spotify:track:62cYasTwBy6Y7pstdSTmHu
spotify:track:48sc7vBJeNoCEQhxO3zYKA
spotify:track:2vfCSwToh0Am0O4zgHXfn7
spotify:track:2jmVGWe4MYY1zAAzpFHHcC
spotify:track:40VSbBSYbPN10vJYeZq4tm
spotify:track:7DSd5RV8sHVCHwEDZnwSSC
spotify:track:651koV4RRMMX6NDbW1ElwP
spotify:track:5ghIJDpPoe3CfHMGu71E6T
spotify:track:4dpEYOPcmHNfvERbiajp3G
spotify:track:1t8uwF2zfqsqy0s4EtWDrS
spotify:track:7oBazz4xCO7Ul3MJHhKy0Q
spotify:track:5aOwFdqFvIj4HYvgClYzqx
spotify:track:77tmFqXDcvsjBYZ0F7E9WH
spotify:track:11LmqTE2naFULdEP94AUBa
spotify:track:5Rizj5FLb2AyNKu9esjYY6
spotify:track:3z53rfQOg6Eb5pBCRsd7Uu
spotify:track:6DX6W2QXiVlKYQLrQN8y83
spotify:track:725QAOexNLmGZiFMN7U8pF
spotify:track:0xHch89AN9RlN8Nm4kJzs3
spotify:track:2RyiGdY33PR4aCTUolEhk7
spotify:track:1tlTFxB34VorrZnJNfRWcs
spotify:track:56Cub3qT0VhFQd2Wiblv2w
spotify:track:3sKLf8SmgbyIikCTBZty9F
spotify:track:27PmvZoffODNFW2p7ehZTQ
spotify:track:47zREtxQZ3cHHIZwUQnuuN
spotify:track:40YcuQysJ0KlGQTeGUosTC
spotify:track:0I3q5fE6wg7LIfHGngUTnV
spotify:track:5AmRtvaQgLmZ7CxOxABq4Y
spotify:track:3bidbhpOYeV4knp8AIu8Xn
spotify:track:40VAYnnGBDLQVXD8D1ager
spotify:track:2N5zMZX7YeL1tico8oQxa9
spotify:track:0KpfYajJVVGgQ32Dby7e9i
spotify:track:3ERa3mEeOnrh2Mc47qM6T1
spotify:track:66ZcOcouenzZEnzTJvoFmH
spotify:track:11EX5yhxr9Ihl3IN1asrfK
spotify:track:0t2QiRkpag0fAgs9zuCPlH
spotify:track:3ZFTkvIE7kyPt6Nu3PEa7V
spotify:track:19JdbdEwQI7bCxefMokZO8
spotify:track:3BxWKCI06eQ5Od8TY2JBeA
spotify:track:4MtDnnAJ1AtWit10FRmZdW
spotify:track:2NBQmPrOEEjA8VbeWOQGxO
spotify:track:0d28khcov6AiegSCpG5TuT
spotify:track:0mUyMawtxj1CJ76kn9gIZK
spotify:track:39qcvV4f0uqDMHxIkSb7tE
spotify:track:7bZsx7Zif6FIhrcZrh0LVm
spotify:track:2Y2q7PkD7lvuWr8YaZfWuv
spotify:track:0LzrhCZFXW94Y8nwtTuRlw
spotify:track:469RmLzEsicj8VSn9aIuKV
spotify:track:2bx879t8gUpxkQ0avl8xTf
spotify:track:3UQmoVQJqBYauTZLVPs3uo
spotify:track:3ZLmAoJb6ZHlgbakKFDAyk
spotify:track:7uKcScNXuO3MWw6LowBjW1
spotify:track:4TsmezEQVSZNNPv5RJ65Ov
spotify:track:1gZ7i4qxXkHZb1r6eioaAP
spotify:track:1D1nixOVWOxvNfWi0UD7VX
spotify:track:6nzXkCBOhb2mxctNihOqbb
spotify:track:2xa35aj67lT8L4teMR64XK
spotify:track:1aRvUHgMe9ichgcHAAs12f
spotify:track:5AmasTTtlCw1w1N2DaCW0E
spotify:track:5R9a4t5t5O0IsznsrKPVro
spotify:track:30cSNer6TV8x2utjULVeQ5
spotify:track:6RcQOut9fWL6FSqeIr5M1r
spotify:track:3w5Ekq9O8g0gGFEsT77Ydi
spotify:track:54UFDHWI2q7WHfrGbSNWph
spotify:track:6N0ZAWkJUWUI0QYG2VwHmL
spotify:track:6HcP6EzBwkMXDGbKEJci8o
spotify:track:5WCO8McOtMU6T1Xy4NodyT
spotify:track:1eCfJV7yR6MdwlHZ8AJeQ3
spotify:track:2piWbL2kwFYxcAEA3VD3F3
spotify:track:4WUB41cJYgrMXJs9Q0fGeM
spotify:track:16CCSi9kqu8HGXTFEZqRCX
spotify:track:5p62DtOWxZB9yCtrQ4cwSo
spotify:track:4EV5e8cPSZmPPWI2BJoFgB
spotify:track:75NGpHHp0arqW2bfHCqdd9
spotify:track:144IMbY4x1EeUnjYr2uDcB
spotify:track:7qIW8MsqBUsSP2KlZhWP06
spotify:track:27rDqwKojyXsjg2GmYmqDL
spotify:track:4Zawb6nn8bBG7PhR7JrUen
spotify:track:2bSAOu1H2ZIKY1ef9gxgRE
spotify:track:6EhAwRsJBZCAhiafdLByU5
spotify:track:48YkpE5enOln5c7jXSTuHL
spotify:track:3sYWyVGfPuit80szWXhrRA
spotify:track:15VRO9CQwMpbqUYA7e6Hwg
spotify:track:2smax1OWAxOo63p14G8KZx
spotify:track:4UJmPSJsBsIR1U0N79BU1g
spotify:track:3bH8PZsfbCRIoeNiFm7JmU
spotify:track:551qy5vUgrUfEUc4dCNfht
spotify:track:66w5OYw2ja8lnmaA3Ns0PU
spotify:track:2i5K0EdMY5zFs9t7KfYK3k
spotify:track:06B04lID9HGPwPWwBkTQfU
spotify:track:5gRcv46AMTrosmTOqrOV3Q
spotify:track:0hUit24g1EIoATdKYWUiRj
spotify:track:4rtZtLpriBscg7zta3TZxp
spotify:track:0W0s27FypnkXjJTJKUAnx0
spotify:track:6ZXGdStfF4q5jnyK76uG4a
spotify:track:3FtYbEfBqAlGO46NUDQSAt
spotify:track:4iG2gAwKXsOcijVaVXzRPW
spotify:track:19K3lUMJmOdeuOBTrbLm19
spotify:track:6kblAEj0T0312fv5QWsXzo
spotify:track:2eGHyarZyRvUgFI4d3G8GN
spotify:track:33rOTAUrmU6RTu3WsJLp5Q
spotify:track:0w8dULoVhTuC8x8m8PKwX7
spotify:track:5nv854ey1k43KaZ0kHmE4Z
spotify:track:0s9NePkcKWL93KlU7eygL5
spotify:track:2sCaihW0VlDKecbUgMSzRY
spotify:track:4SjbThOBAifCj4cBAI12T1
spotify:track:3oxFVT3NByUX7qeQZGivGF
spotify:track:5esEbMt6LHtiha7cqsGdO7
spotify:track:3hWoBXsJfXFQDp92v14xFI
spotify:track:2wNK1PjIS9NbBIchakaL7k
spotify:track:6i0V12jOa3mr6uu4WYhUBr
spotify:track:2MuJbBWAVewREJmB8WdGJ3
spotify:track:7nYvUtkQMx1v80S2FH2s9J
spotify:track:1PNwRnxuRfxjqnzmrmBjeo
spotify:track:2Uvl2lg2PKadatoNJAjv88
spotify:track:0UUSebzzrC8hKiVcX8fBsz
spotify:track:7FgpbWDh8wAhgmtZGnyxSz
spotify:track:3jAQUOnN9RFjWhSG07DYUp
spotify:track:3NtWv3qkEIpAsLxor3Sbzm
spotify:track:24vNw0Z0srb4zYXwrakw8E
spotify:track:5Tl0HJvynZtKdSUMKbFVVX
spotify:track:4EfBENPBy1GvUWLO9YAp3F
spotify:track:2tNmhDlMbwQZLxQtWMt2EU
spotify:track:5H0dVldtI6HJZnEXzigKfY
spotify:track:4LwU4Vp6od3Sb08CsP99GC
spotify:track:0PV1TFUMTBrDETzW6KQulB
spotify:track:2oLwDI8tZUOh6SmTMRRfKs
spotify:track:2HlKSufhcnPDZAS1S7jLg6
spotify:track:6glsMWIMIxQ4BedzLqGVi4
spotify:track:0WKYRFtH6KKbaNWjsxqm70
spotify:track:5HQVUIKwCEXpe7JIHyY734
spotify:track:1s5wRbjKYS4PwvRiUDGtVt
spotify:track:73CesaR0m3ilgkGeNbxlbY
spotify:track:01ERgmlDJjGYFXkBLgRTFp
spotify:track:2mlIzqDE7RaMaMx1UPdsXL
spotify:track:0teyJ1rAzZHMWdRlboTTVg
spotify:track:6HbTF52swZiGSJ2cvAJ7PU
spotify:track:196fYCjVMKAQb8uwOWxpUo
spotify:track:1pHXKKUEWpZvxD4zJn7xjf
spotify:track:1IgaGlsCjkNOL3jG8LBLOz
spotify:track:6wxDu7ISgm5nppPMea4W7D
spotify:track:5prESVjIMhRUNoFzuuoxiX
spotify:track:3XNMJAf81ieIldZmLlm9Od
spotify:track:2PzptKrzZ4frcuV2PSLQpu
spotify:track:3URRBJKRfCnlit1jVoncUD
spotify:track:1hN6FCypwaOH5phX6Yt40h
spotify:track:1pXMtXsWvB60Z5y2o3zNrY
spotify:track:0x74OijtqOv09VUtipunSW
spotify:track:6KbpJjsh3U1yU1tiEzJvQV
spotify:track:2i1nmBnMkDGFTTjeGGIOTm
spotify:track:5X9D4hPl4K6FeZrw9Ws6ee
spotify:track:1LjDVV9sjJvvqE4ropBTSt
spotify:track:51AaowJatiZPnRjfBgTLkr
spotify:track:5wcY4XgawQ2se8VjDLhedQ
spotify:track:119c93MHjrDLJTApCVGpvx
spotify:track:6y7TRcNKhOrEZIcmotTIB5
spotify:track:4eL7yQICxCCBOuj2NynkMQ
spotify:track:748Dk7Q6akuQcKMp417C2p
spotify:track:27gtyWck8RMlmdzv9hMUtG
spotify:track:4b4yJsPFjwZ9VCmQBMZSPI
spotify:track:0CNs4NCCchSeqnNbabEeUx
spotify:track:7wNP1z28NfmU0KG6LzTdwd
spotify:track:7jczVH6TEgLcwPDjktDUMO
spotify:track:2eHRkJctiBOmPDNN4BrJ2l
spotify:track:6z38A6FAkNB4QAduonNY9z
spotify:track:7GfPrbFMotjnEQ5TTJxTJF
spotify:track:3xNOFZdgdEJZvQyjM83zE9
spotify:track:4HxKUxZHTY2G4TgFI15nga
spotify:track:01Ym59eGXEOSeWjoBfBXXv
spotify:track:0lswBIei8hfhLycpDbHl4r
spotify:track:1EG99H2kj0CJdBOiGOgpqq
spotify:track:6WqvsXm1BWjKSn7flf6dft
spotify:track:1CpAjE2XuJzPSIBHUJL0v4
spotify:track:3bDgRfWu63wIxJ9XlY3xmJ
spotify:track:5uXY5cZiGwKLN4xqT2718w
spotify:track:3HEfIeXt6kSWFewNYitx1I
spotify:track:4TxYgHqMm5yzbh3fJXuQHM
spotify:track:6eYMvc7hE903OSoPqX75Gp
spotify:track:28ncaifl9fKsDqhQmgTRkx
spotify:track:4ZDlJMt6rubLB3rcRaHMTv
spotify:track:1phKz2S1IEsnGY4VqBGTgR
spotify:track:49RdlW6UL6rlDcLmzQH4Jd
spotify:track:3jAiIO8jHue1KApPGvUWDJ
spotify:track:0HThNRVk740Rnw8uKz8ffD
spotify:track:721cHa23EmSfAb12e5qTYM
spotify:track:36vGTAyJIrvs8jxtBdjD9P
spotify:track:5uLfVofVYX7sUpa6gdfZS6
spotify:track:0Lk0dStkb9pzWs2TRHBodz
spotify:track:4duKFAOSt1VPU6iBB92SdF
spotify:track:6JumfGk4f9E5KLT086I75s
spotify:track:4jZ2D5sXRGsVy2mJgnkY8U
spotify:track:6E8yD1tuOYbnuc04NyPhcS
spotify:track:1qfDfZAvrkSAFrAR2FTQDv
spotify:track:5Di9MiY5PnRbhfT9S8NBGW
spotify:track:6HZIOCaKsHu1z7hVtJqb2W
spotify:track:5jcFjH10XSuSkuJ8wvXjGl
spotify:track:1jaGaANkynrLxVeenC6zFm
spotify:track:27MA3fEYQWyJW2Ls2KQ7DO
spotify:track:5By7Pzgl6TMuVJG168VWzS
spotify:track:1aOzDhi5a1RWWRy5dmYA8I
spotify:track:3g3TgkU0SWm0Ss62QVGfnk
spotify:track:40HfSksgHisvF532vKDkcW
spotify:track:0l8na4sbesX4rDdjW0hXYm
spotify:track:1HnR9H6uvRKMHIPoiLKPGl
spotify:track:1kw13gooWSqi99Q0OF3cWG
spotify:track:0gBrJS89BL4r8rqjDEzbtp
spotify:track:7LKnTFcjhEiYKRJEnYm2L4
spotify:track:54CxTY5A0UzJnitPCo7zfg
spotify:track:7uyM4M9PTZjPFXahhVKVST
spotify:track:2Qwu6hsAB4GS8oVRIOp6bY
spotify:track:6gf5PPir6CwXMF991iOHI6
spotify:track:3SAwqnbYGfqfpLMYH106A9
spotify:track:3aPEX9m35a8TXqPd8ajaCI
spotify:track:0PF4cbrLPZsteUM79VGKGE
spotify:track:2sQyexuuan9974WVCBaluV
spotify:track:5ia3AtAuzWap7BvhvX9TA3
spotify:track:1CT9MiAAyhCx4j7w7HA2S8
spotify:track:7C74kcHsszIp8vFt1ng9P7
spotify:track:5I91V0b3cscCKR8sZCuZ8U
spotify:track:0Nrv9s5kSdNETBynSteeKk
spotify:track:2vnbaTXWsjXU09CXqgvxz3
spotify:track:0JrGRG6Z6NDWDvloAEhCad
spotify:track:7jgju6HlHy0YzE6MnnrmEP
spotify:track:1qjlGijPXmEeCgOKFwxhg5
spotify:track:1Gw2viJ4XE9hylW4ujtNef
spotify:track:1OljZ6ORnKXNgl8mwI7RKW
spotify:track:4Fzg0AI99Cij9Y5B8PmWxZ
spotify:track:51lwm2GGVOOOK5VKERPXjW
spotify:track:6ydOynjBpDd0m46a5IpVsM
spotify:track:5Px0DZjfU0cVUHbCrfaIIN
spotify:track:0h7y1duV9amA7oRvUpOBGJ
spotify:track:3yQQCAQgNZiqItjMH6sUGN
spotify:track:0Rh5YiyU05cClMl9DFOPnC
spotify:track:7Le3gjOx4pg9FNBq1LUimg
spotify:track:3KDSrlyTR9gbLOgqhP2qpE
spotify:track:4piwBqvudxkXIlUO5LIlmm
spotify:track:1cE7A3YzrOj8S7FGZIyBfy
spotify:track:2eYojFyumCbOczHCSOV7A7
spotify:track:4QbVaPjV46w52zemaIWYl8
spotify:track:5OQyKF97zI9yt53Q4C4ejt
spotify:track:2tjqgiScVM3VoZBYGPC2Dm
spotify:track:52UcjsM15hjCQAUbTW2hy1
spotify:track:1I63q5aYjoyai9CI8QXDrn
spotify:track:1kAQmY7yNW6LFdDftDbe1X
spotify:track:4dIlMUlScqxXB2Fd58EHAt
spotify:track:0hSdTdqaAU4CPU74PAR26s
spotify:track:07uR5On4sQ2qAvOmaF6Dv1
spotify:track:20FxHIrGnAoDezkUzWEs7H
spotify:track:0kW35BkYhpaMBjZ9sKCjvH
spotify:track:2nxBkZ02hsiU3SIowH4XQI
spotify:track:3qVU9QJxmfE6taBaKsQ1eS
spotify:track:1EALzILzmIPtRIvYyo6Lwm
spotify:track:57ksenFZL6ipDlpls2cq0Q
spotify:track:1BmzrwsyzNpCaufNlk19ck
spotify:track:3pcCifdPTc2BbqmWpEhtUd
spotify:track:781V2Y5LPtcpgONEOadadE
spotify:track:7nCONy10IHp7XD3oYZ0lcx
spotify:track:3rkBaypKGiemuTeZSRCBKk
spotify:track:4Z79ArOZZjYYaq4CGbBxa1
spotify:track:1zw1YeQW9VO4KUgvjevHFa
spotify:track:5pNYiMbnXm7UkewX2KhmyK
spotify:track:11TpRtA1zMLeAPTLloNmG4
spotify:track:5lq6hpsabgw22xRYPHVV5c
spotify:track:6ilAaPHhxDFaaNS65fzQwF
spotify:track:0ClTFwZXaJA9v8T7IFQOm4
spotify:track:7cXqhmohfNtwm5ZPgp4Cpi
spotify:track:2WX7FhAVxG7zgq0lQ2P7kD
spotify:track:5j5MvQGGRAOYsQYxaywrMW
spotify:track:2B46hjfjat3PQV38LjuKLp
spotify:track:6xD1CbqO2AdbhkqTmFJrT6
spotify:track:6pmuu4qSz2WrtGkBjUfyuz
spotify:track:63vL5oxWrlvaJ0ayNaQnbX
spotify:track:6HZ67VImxqr8aMBEEhblzf
spotify:track:1tmRlF5pFo8G5OfJYUjWrR
spotify:track:2diudyroojUPeIX9PIRW3E
spotify:track:3Jb2GxWZ8T3smByFUoGf8O
spotify:track:1hW20PiUCW2tkObIFGBErs
spotify:track:1prOTyVtEKkoXHXn1Gtet8
spotify:track:6E5ek1dMffoHdev60JkCJ6
spotify:track:5vEE1d5gkv3pgfZyppLeX8
spotify:track:6btUHzFhMcTSRJsB055QAz
spotify:track:0Eg1fYRfNkdJoKlE6SKrjE
spotify:track:2lp3ycHVNMK2xZ5GFMwEtX
spotify:track:0K1XZVdYoB6dyrR4QVZwmD
spotify:track:6dcZF989cuFPi7Z60wmwG0
spotify:track:1v5cgIyffYtfEx0swttdoE
spotify:track:7IwURvEfVcdxUCjLKUu6sv
spotify:track:4LaiF2h7gsybmURceGYLqh
spotify:track:1Mi6uegC4pRxQZw1CB5Fk9
spotify:track:4xOTVtbCPcfxMs2hSt9D6i
spotify:track:5XLC8xoqyua4U7wJiZAWik
spotify:track:1Sgj10byiGzPpI2IrXSFEn
spotify:track:7y5zXpTN4J7K0PngQYa655
spotify:track:4mkdUdHTDfnbcie1vSmbCK
spotify:track:0lrtYwuy37bJzsO2LHz2kj
spotify:track:7LJcVOt1QSkzSxCR3MLmbe
spotify:track:0uKK5v0Rl7wkx7DjhMfDIz
spotify:track:4dRBLORJbxTdRKqMpygLSd
spotify:track:3lLIFgBuVG5sL0FKElIYJE
spotify:track:7BxJz17EyAHjZlHEEqrtm6
spotify:track:36mP3dFv3jHm4VC0SZZ4JS
spotify:track:6gh78DdZtoLjnMs9I1Jkam
spotify:track:29L9B2aDs2NhrQGbs8pf9M
spotify:track:4RI2XoSY5KiiDshVhA9Khe
spotify:track:6ForyBso37QPHoEM06IDwK
spotify:track:1151Q8Aev8vtz6UfuaBhAy
spotify:track:77hzctaLvLRLAh71LwNPE3
spotify:track:39sUegmfcD8SmzYr97PCKJ
spotify:track:6ccw5IYiknwRKy5FMdLosQ
spotify:track:3N8OeVkKTkDk4bFqQuOUNE
spotify:track:5furpJBXj7zOfs8nh3ubzq
spotify:track:7q50Ebwk5chgKT4YUsZFwU
spotify:track:5oWvaufpXpgJ8eCXLaMVsM
spotify:track:62bBoMilgUYwgdgJpOtnHG
spotify:track:5jeDAq40nB1ZCTqZAZIlm6
spotify:track:5xy3350chgFfFcdTET4xz3
spotify:track:1YDusPefmnJBkm9Kjn7dqY
spotify:track:778lOI1N1ZwMjQajE4lALs
spotify:track:2os0aK782bakCPmjow0SU0
spotify:track:4v0g6ItoTJEQRR2CrgdjKJ
spotify:track:1MQeShIRRYCcaSs4XzWldh
spotify:track:4zTHYH48021nSS4boLgVUG
spotify:track:0PHwCbA310LLIMcSDpQbgF
spotify:track:2ubjaxhNNAyM2nODr9omLb
spotify:track:06d5qOLownLafrcQ8CvZU2
spotify:track:77KViZcDsFHD2Axz531cJc
spotify:track:2oMA3L5y6JL8Sak6EozG0H
spotify:track:2mhgMhyB9t2De3dJ2XM6YS
spotify:track:1vgSaC0BPlL6LEm4Xsx59J
spotify:track:1Jw1rBOSmnkypAwQCkxujI
spotify:track:0q2MLzim2JYyUv64JJDB51
spotify:track:7uSxlYmb19TczZ3AP1s3tO
spotify:track:56dIfld2EW00CPbB3zA6GE
spotify:track:40YBc3mR3yyqyYvtesQOMj
spotify:track:4YiOP1PHauyVBLROElUrWB
spotify:track:3ygiu2TdSgWd50UW6hCLNV
spotify:track:2pSCkJ2A0g2LOjk6iHhKnp
spotify:track:7anhFQgRE8oP99bFZ5M91G
spotify:track:0oLmc8fQESdYRWWbzPBqBS
spotify:track:6BNvNkJ5BAGCOuwGIoxgyh
spotify:track:4dR6p0CwtIERWSzliqNyRk
spotify:track:5YaGcCUvHgMyv5GostZQM9
spotify:track:7tUUZ74ZhKN8B1IiMREYlO
spotify:track:0kpUik8UD6gRmPk2u9op5h
spotify:track:5N9xNXlm15aOrVmF9AMYcD
spotify:track:4cwFsqfbKjAhHxV8By0NBV
spotify:track:38zlEhdgHFt5YGZHZvHi1Y
spotify:track:32XH0vxdpKpcJ80NSpRbbz
spotify:track:4eyVoQtZ51hUbBrvMAryCZ
spotify:track:2IKXIejpzcK8YRQaA7Zn4O
spotify:track:264py48l3YjixQ3OhlGutW
spotify:track:06vOVdH94mIEjIgIhHdhdO
spotify:track:1kRCeC5TZEatBI3z8gsn8z
spotify:track:51oPoNfiHt3oiK9U0YrsVs
spotify:track:28OlkdxqROus16ENTGH9jv
spotify:track:5H4LaBBDKzheu3vUni5qq3
spotify:track:7xEya1mHjacihhB4jyOd48
spotify:track:7KhjmzSb4FzsIJfKj3dGO9
spotify:track:1uRxyAup7OYrlh2SHJb80N
spotify:track:4ae7HaKeSaN7lDOGvlktZk
spotify:track:3dOkFjLiWu4c797kDvOTeB
spotify:track:0AFnun7VGhmEzDtU7oC9Fg
spotify:track:0ut0p2eRFZHHMDVMdvxD5z
spotify:track:5pXA6m4DhcoyyfBoO2nXy1
spotify:track:2SWVjpzR8VlLBfExHYD6Pk
spotify:track:0k4BugBSVcYKNjwBwHq8zT
spotify:track:3OHcXfMOxIfroDvYrLkaS3
spotify:track:5DCDYxVirIF6Tt35xjlWO5
spotify:track:0FSSYFoTnhdO8W8KUVl4u5
spotify:track:0oxVfJINrmGWOx8T2pkiEG
spotify:track:6f1W0nnYvs2Qr5OoVYyxFe
spotify:track:5kR78vOIYeT3KAxkjy9Pfs
spotify:track:3boTvdeBx7IeK16oIheGks
spotify:track:7C4q3iDYe1EwGAgXUKKtwU
spotify:track:0o1WzHAdTdI0jpgghsOm2h
spotify:track:348Xv53NFhkWUQ29GXrEWm
spotify:track:6rBmXagRa2mmBteQxISjS9
spotify:track:64R1bZ9rEnjer8oCwYdXPz
spotify:track:5ylLypaOksxWd75YrGtx2N
spotify:track:1TDeYPC9ZJv2XE9E9zVQN7
spotify:track:3vp1kmuUpegxsg5c5aSlOj
spotify:track:0A9r3iLrSfUuHmuMnLb5pj
spotify:track:1xHtlaBUk9hHEywyoOGE4m
spotify:track:76OFK9PZXSWLcxsZPh7tkv
spotify:track:10ATdOyNsWCfqi1RRPJxMg
spotify:track:4PY7iMzj9Sqo7fwr6Vy8n0
spotify:track:16GsFZlJwCY7B3BR4YjxLI
spotify:track:01ZpFhrMMqKPVCwyqXneVp
spotify:track:6LIVNeDWBid9qSHgjxO5db
spotify:track:4CzTgOmc3Sdm4EgKQWzjQl
spotify:track:4eruRiSfDY1jdT03hjyi0i
spotify:track:3LhtqibvTtjOUrzKs7Vsz1
spotify:track:2LfUYXF8jfrHCfwYyf2pRj
spotify:track:6gEebJ3srqa0VeTT8x5YQB
spotify:track:0OJnkHGtb0kbUiKrboCuJg
spotify:track:5N4OL38PbAiSEQ4z6xenXa
spotify:track:3pxaR5gSYLFr6JozWCYCT5
spotify:track:2nKa7GvgDgEqQH7qXYBJMn
spotify:track:1bh0KbBPusKPq82YFefnk7
spotify:track:5wgy2yrFfxbaHEz2x19PYR
spotify:track:6g3iwAdPskZE6TUv2X5Bnq
spotify:track:1bARXfzZ0aroEyE1K3HAXT
spotify:track:7hfGUROAaXz2xXeevkkZDf
spotify:track:0wvb2Zzbv0mORdsGCC3dan
spotify:track:2srxvtIgmCJEInPYjzVeEe
spotify:track:5ovk6VmDmCbJFIrK4IihzS
spotify:track:5Cb5v3skUN5SjCbDV4zp8N
spotify:track:2daak3ds9LSvnZ5J2WNLPW
spotify:track:0eY9dLQPjUvohhnj162l4X
spotify:track:7K2DstInw3UEhcp5Dr7Sh2
spotify:track:664jDpK8OdC6hsTuyh9MaC
spotify:track:3bc95HYo8DTOfhsWp7KwhF
spotify:track:6tm4NzVV4psgzBliSiIZnC
spotify:track:1WvAgf14qjUx23t9dP15fo
spotify:track:3C5ifDGyh2zsX3Z69S2wBR
spotify:track:1x1rIF3Vj3VATF0eHNycWx
spotify:track:55yK6zaxxMokPWyEj7crf9
spotify:track:3pfhGW39jmmpC2PhTyjTO6
spotify:track:27wX7qQvXGIO5y3PuvT4HO
spotify:track:1FHcpaZovLvJWIjHyu1qVy
spotify:track:5wrCF4ooIIZlIHTnd2nDct
spotify:track:0NUwAui2BGrTO3sTJQUeyT
spotify:track:2eEN9c5mqBlLrSN7NpDpc2
spotify:track:6zNf98mC8w5wh9V4XKShzj
spotify:track:4tkrWpS1UDgbG3MSbewQCz
spotify:track:5jYEoLL2bK9ZnXhbugXEgM
spotify:track:5EDU28TiJkYLEXfpAr1mGf
spotify:track:6mtmZ0JENJ3fMJSkWL5Wrf
spotify:track:0YCDV1i5WuVDs2wCBS8TGI
spotify:track:69KArRiQOLyqsZvfEP11XL
spotify:track:5rIhBK9aaVMck0W2YtOwci
spotify:track:1kBGeOp1CDUHVdbK4ergqo
spotify:track:0eZN5WsQfmNFICHuw59Zfz
spotify:track:6f6pEjgfTtuRROmJ4a7Gf3
spotify:track:3cual6JOG286qZJmCxKRAT
spotify:track:4ghNUYoGmqdURdrjlRLOyc
spotify:track:2fWfsj2XBDP1bVUMAKqPTI
spotify:track:2TUdxbIF3rpY887d8m0ZGV
spotify:track:2qKTOaX1ZeMWn3aKhpxkz5
spotify:track:63iep0iz7yiVEabFKFSIqs
spotify:track:7IYaEyjd1xmhCF2GmbW5K0
spotify:track:4cBPzVIbDIQx0LIyauFAy0
spotify:track:6D4vefsTMRvwrlQdXnxwLP
spotify:track:7akxzzetf06jvqQEEIf55y
spotify:track:7jN0lBkYhALgOkUa18r9l8
spotify:track:18Kor0xzXnItn0Wep5o5ON
spotify:track:49T3CSi2TCKvabloKeTKd1
spotify:track:6apjqcnk2pow6jZHMBOIKF
spotify:track:26aaN8Fx3jjiq3cxSmpqAJ
spotify:track:2hiVE1lMGLGEQ62AOYmd5d
spotify:track:0FFtiG1dsghlvUJdYbZ9Fn
spotify:track:4LQiZNAgDmwE5KbqVe8pvr
spotify:track:2VoB6zGP7o3gMkKEttA4p1
spotify:track:4YVIac3d0QB18rYdHI0FaD
spotify:track:13cwmc8PgzIf94aTZj4QTI
spotify:track:6MZP3h7hmYs2gefJ9nY6CA
spotify:track:3gA8oXlZhXE8f2OOEvL0Dk
spotify:track:0012gIWzFurw8rjIdNptaS
spotify:track:1MFAlJmn4PEIZW9b0VtWZA
spotify:track:6AC1FiAdOWy5JFgjlBrLe7
spotify:track:4AmHREvNgV97t33T4fCj9v
spotify:track:1VFbDfVwPfE4SLRM1DWUNO
spotify:track:5c8nmgU5vm9CyupuKmRaTq
spotify:track:3Zq3hTVRPNvAIK5Ej8MqOO
spotify:track:4Iyo50UoYhuuYORMLrGDci
spotify:track:5dtWh1QdjGp1xPGWAUpdvO
spotify:track:0mnyjCNu9XUi5dv0JD3UqM
spotify:track:07ARfS39HSzPfEWZS8opOs
spotify:track:6VcKx9zPiyfF5VgviGY6CT
spotify:track:1osYkIYegkLLnPutvItBta
spotify:track:2PKgrfkc1HRaN9FnGlz9o5
spotify:track:0ikLV7zMypPFyLH57cKpRO
spotify:track:1xQ1v0xnKgZyQX90f75bKt
spotify:track:3OiBc6E43P6Y5LoqNbbMKf
spotify:track:4OoyNLwufrQ2QtcFAt7uXB
spotify:track:27Ue7MRE0Ikbg2Lz9o7h4Q
spotify:track:1dOhhDnE1yHKzTOsn8CNTd
spotify:track:732NtO9gn4zcAvs9YaLhQm
spotify:track:4JjA7IqwtrmqAvEjMe6vzc
spotify:track:4CkWnOHnmXA82300x9Pcyy
spotify:track:3BRAVPsj6Q9N2SLkzRyRCM
spotify:track:6E7ZRWVvLnSGhnWGoAeChx
spotify:track:6Iyfcfjr2zuYurpQqc60js
spotify:track:7BKIJc6IBhFiaJv8ruY9az
spotify:track:58rjYhMYZt2JJwSpHyUuuW
spotify:track:1nWEV0htMBgG43vYX4uwJt
spotify:track:3kFj9NY8CD7QSD9S0xvPMD
spotify:track:0axFshokSsCEuQt0Ktraip
spotify:track:7Fc1M8wdtEeCNegQW3T5Z4
spotify:track:089bKRxAn5USjttCrstbSi
spotify:track:40hJiWriY7Dxzp1Fym5oMr
spotify:track:3aXkNvs5KGI9G4geZEAwxT
spotify:track:0iz636b7Lxj27e4L7BjRGx
spotify:track:0wa2BQ8LelFbX6lRBhBHrK
spotify:track:0qQEDqnlo4aqJKEDnRa5Vg
spotify:track:7hUaoYM6OAtvodo5Bs0HNn
spotify:track:3wYxYOgZwl4sTKO6Z2bNcc
spotify:track:1qkNzm7Kz8jUOhcYf20UDk
spotify:track:5jIMYWa3Zzc05CSptfQEoh
spotify:track:3uPQP2qnNebK2UvMdeVc92
spotify:track:1x2ItAzwfccojw4Gxq7vvj
spotify:track:3GyuMLbfgq0fIhXvlAdTET
spotify:track:63dQvbkBl6iwKVnbjK7WCv
spotify:track:1fa3Y5AjkViIQx6euWNJPz
spotify:track:5jQvjcqNIw7cgiXVj29oEI
spotify:track:3kb66QRpbQFwdAMznxiR4t
spotify:track:1FVxGoZy9lQOMf0SsIG30I
spotify:track:3iROh7Ev19GdoycH373Nqo
spotify:track:5nH3M2nfzCHdxj5kADPaN5
spotify:track:7o8c7jf6TtASkfPX0BVb5h
spotify:track:1ivFwnbbcss50hk5cSucgy
spotify:track:00bBPy5EPrBuz2vMcAFgsv
spotify:track:7oXRMDUzBPekkLRTJhSGvC
spotify:track:0PhObWPHhaL7DpHcxUP3pb
spotify:track:3iyYmoZMI4o0xW0nCLwAT3
spotify:track:5n5ESg6ZQlrFQ5DpXOjK7J
spotify:track:2dyLbaIVolUpFtTDG4MSUn
spotify:track:5ek55sNrC7ml3m1ZFAQoAe
spotify:track:475Zk4bx8TZPlUT5yBwzvR
spotify:track:0haftllew0td7WnjcuANTP
spotify:track:5QGXUXEbKhe39bu95UNlN6
spotify:track:68GYJilWlxXdkgzww2KaY6
spotify:track:1yBM1OVHUys5SrGYD8vSbR
spotify:track:3fXx6R9dgw19n5AKuxR8lm
spotify:track:4ZfGPd3CWALEo2NucZLCIy
spotify:track:2dtlGa9YTdyZ4vHWBmHAcV
spotify:track:2VVI3s5cAGh2YMDmmmEV44
spotify:track:7paExip0FREmPMdYDMPvzZ
spotify:track:2Q8exEgSKHC7NwNDFvCndB
spotify:track:1F2O56ytmXV6uwxYMoskXl
spotify:track:4rKxuplYEn2zA1MQhuCbYm
spotify:track:3FnzzFJxIrcIxQ3JJNFalO
spotify:track:4Bq0k8kj3UJzJFHFcNvS2e
spotify:track:4El4t86l54ihlRscqppzNJ
spotify:track:5fGNpMm0xwzG9wi802kaWp
spotify:track:1fIeAK1tORemBD8VDJwRfK
spotify:track:1ta0eFQzKlsfDFRgzzmjpe
spotify:track:429J8BWqrPm5SxPbFxKbGc
spotify:track:78FzEA8HlehBXJlcwKABpy
spotify:track:2JTFGWwfgB0DmGIo6Wq4cH
spotify:track:3j32r50xdi7HBdlqr2C8dH
spotify:track:6NH8vSRKDENrH5WzUileEB
spotify:track:2mRqubrCdnplZ7rxhddbmw
spotify:track:5GcCkndjxHfIFEDIQFZhmP
spotify:track:6Zm3EfcBvw5U6DMAyWzfOD
spotify:track:4GHTYYK2VGQsNs5XAq2dH8
spotify:track:6fKFykqOA2YR9nOTPWjGEx
spotify:track:0OuUh2TB4Eya7poL5rFd7T
spotify:track:68a6oNVZfhBK5YGXqnTRpw
spotify:track:2anJA5fEQdfvxrrWiL10Vj
spotify:track:6IFIQrs3noQVpr4oR8iKgC
spotify:track:0enIv2oI6x924eb6s5OdnP
spotify:track:6HF6mkSk98rPuRQC0lcT9d
spotify:track:3vrvsVq1xw7MwT8J8rFPIq
spotify:track:6Rsf9POXEmgQHzxXr6ubTg
spotify:track:16AsVgSbfSz9pXCoLrmLi2
spotify:track:62uw0iWu8jLB4cYBQxjdcm
spotify:track:0RVVS8DDzcb3kd2ZPth3dz
spotify:track:3XBD2pEimgCRsVwMazPeCa
spotify:track:3iTGXWfuazyOJBbjHXary5
spotify:track:5AdLu2shYmDMqt2pHaOEle
spotify:track:0lgxi5QqFjYnvUf5QjC3nI
spotify:track:09yW4puUYZDi8qbshroNI6
spotify:track:3FaoaPNB0f5iN048gZYAc4
spotify:track:1SE9iFIK4BCpadmfGtMEq0
spotify:track:4Z9XqZ5hEhSlDj8nkaGycz
spotify:track:4GJgH67TjjXFYGwlzYISa3
spotify:track:0lTT47wt2WPP6viweFldoV
spotify:track:3OLXtKzu57rRnK9yG4Yvk8
spotify:track:0luLrvQxGwkTjCbtGiEaO0
spotify:track:6O7Ux0BHGZPxsjwmeSTttD
spotify:track:4bgVgImBV9MVMsucfhhM3e
spotify:track:6B2wLHYwfQytr9Doe0vlq6
spotify:track:4EiSxkG3XOl60XoW2lVToz
spotify:track:2xL0mesNbHiwXCHEXHPh6O
spotify:track:09DxXeLUQ9rAP6GTQ8Oj1j
spotify:track:4LVXrtAdZYWeevlLix5bnD
spotify:track:62bxbWF2jAPa96ts6jG3kQ
spotify:track:53DOedTbAztUsUgqrMhS8K
spotify:track:7zX2itonuK2w0hwJMEzzDr
spotify:track:3EEZaDhrPD7zMLQXpP5YlV
spotify:track:0W2xGpZ3hS22uQbq5NwNrJ
spotify:track:2vFaBeQqDVZW9SiJeiM4LU
spotify:track:3dqzoQSIRAIhAYNcaEswr2
spotify:track:6rqONVHOT73QecUdJ5HVHy
spotify:track:5WKJ9cG2HTSDAay4Ig8728
spotify:track:3bQvduDDmDJ6IUjAlqk9mn
spotify:track:6Re2AwZUVlgBng04BZTauW
spotify:track:3A5aeQBXcAuQO1AQlptyhQ
spotify:track:792XVLl5aLEnTPVvUoK0zL
spotify:track:2tMTHAMltnTxM1lR1jtfez
spotify:track:601KiLiZtBJRTXBrTjeieP
spotify:track:1A6Kwtsg3JWKU2KWM2udpM
spotify:track:1sVTRgkndcOERvad3M69g3
spotify:track:6acDfQx6xLYnNIikaKihaB
spotify:track:3VSuWxZM6x6V3ig5nYtikL
spotify:track:0Bs0hUYxz7REyIHH7tRhL2
spotify:track:3s25iX3minD5jORW4KpANZ
spotify:track:1MJ5f5EYBC92ADD6xcz7nb
spotify:track:7kcOZLJE8iPXEzg2ZytFUn
spotify:track:6sgWlYPMTsQbPxcK8PE3Qs
spotify:track:4jrgEpY4HmvIvT63grA20X
spotify:track:3Qd5Bv2bRJ7JbeVY8hidKV
spotify:track:10FLYqpqDN4uo6eWtD6WEB
spotify:track:5YVNX1VZr8Csqmn14xo66f
spotify:track:4o6BgsqLIBViaGVbx5rbRk
spotify:track:5963wXjdwzXdMAzGppww8I
spotify:track:0aeN7393AQXFbdSpL2Bx8s
spotify:track:2iDhJuPbwgRf7Cnjw4YcJO
spotify:track:7x3yqZnXWnLopmPDg0TYfv
spotify:track:4ti3jFBiVjPE4t9WOzKkHW
spotify:track:3vfsTYxvwGUhVXybtdo1pa
spotify:track:2KZm6767RrM9k5EKTIafOV
spotify:track:51u7yLW7hAKJiD8U8ISJu7
spotify:track:6FRwDxXsvSasw0y2eDArsz
spotify:track:1wuYtOBWGsQYVmaBKsqgpk
spotify:track:3tsFGpQxRG7fTFOS6Do0YC
spotify:track:6tHOHkapttrP6FEfXouCJ5
spotify:track:66A82Pq0RPsmlo9TO6viNI
spotify:track:4Zst9cbOJuDiYiFOddgUYA
spotify:track:6Mg17BebEPPQiu628sGJGC
spotify:track:31OJj7LthTNCbHjY7cwIO0
spotify:track:6SaOWdixuJbg010zPmwjOw
spotify:track:5Yhh8Cfc1gp7oyqzL9T1H0
spotify:track:7wOCVjICKDbv4sypajscj6
spotify:track:7bhV1LP77Hj8ZrUmBxdmSA
spotify:track:0TkZzL5bCSXMbqkBvwgpFX
spotify:track:2nXm6YLZHGRwgxRv2BfUZ6
spotify:track:27ZuZWcpa9oVoeuOeJJQnS
spotify:track:1JOIWwA6qjufqkpxcw5YVg
spotify:track:03DQO1cC5RzTWRxJLzJCgy
spotify:track:0G3fbPbE1vGeABDEZF0jeG
spotify:track:5RnlUyTKgmd7V6tXdQcKVK
spotify:track:6igsoAR6Co9u7Rq3U7mlOD
spotify:track:3B1K9cOissM5S7zUBwd8TZ
spotify:track:6pETQZzWCLgVciNbBdICpb
spotify:track:2hn1lerQkPC6fOI0QFjr8r
spotify:track:6DQujLikM8f13WhvnRPyi8
spotify:track:0xOGev87hRaq01IoPxjdy1
spotify:track:2nM4LTXL0VtW0wovL4eeXv
spotify:track:2oTDOIAdsxPTE7yAp4YOcv
spotify:track:4j1Bk0BEIGCF9hR7cSwl9d
spotify:track:3NGT0Td7H4Is1qrlDQJxma
spotify:track:0XgpiStoxq1IJncYlPrvZ5
spotify:track:2OgGlK7DqGg86Z5uUxUgGg
spotify:track:2MlV4hyxUgN9zjFUqWvWFb
spotify:track:2wzMOVWqLMBNx7wVvJ7tt0
spotify:track:1aWV3uY3SIEZVbmv45oFWS
spotify:track:5cKQS9890SpoU2DyqclNWG
spotify:track:3D9UwaEzLRkXfruJoSiVX7
spotify:track:64ARxf9iGgx2mV7Hunp7b6
spotify:track:5GxqKrG0zeKA8uYJMjXwj9
spotify:track:76Ug1q4l6rGwJ2ubV5wh3X
spotify:track:5cdZKG9T3jBcmXM4mGlnME
spotify:track:7meJWwkI4a0PhdK3HCRhzb
spotify:track:4C7Ss9bTPOWJMh3rarF1mN
spotify:track:5fsjS6L83RSJBqRJKL0BTY
spotify:track:0oZiK5HCMPn241PbUCslkF
spotify:track:2mKj8Em0GLFu8I78yM1CfU
spotify:track:2X485T9Z5Ly0xyaghN73ed
spotify:track:6PzsrV4Df8tq15BEqRnv0B
spotify:track:5BdLSfR2NrUH7acnluTqym
spotify:track:63lzfHD2hGf4iUJPoJGOYJ
spotify:track:54BNbi1XXzdLcXY854KcIn
spotify:track:3xGq5HiGU9gihZGhKYZVVM
spotify:track:6joyfsSUp7eCJnyC1M1c53
spotify:track:0q6LuUqGLUiCPP1cbdwFs3
spotify:track:46WOptLnXUtH3LOyYvmMO1
spotify:track:1UJNbgfTzG1gZZTWFJdMf1
spotify:track:04ldRbV0aZk0OtEzqeZhGp
spotify:track:55qSJPLYGYOXAU4iLszEh1
spotify:track:1dbwfBgeP40sX2C8alx5oW
spotify:track:2qToAcex0ruZfbEbAy9OhW
spotify:track:7yMiX7n9SBvadzox8T5jzT
spotify:track:2k6hpKTyubRVOmQR11ViY3
spotify:track:2zavoMfVVPJMikH57fd8yK
spotify:track:6LUfuyLgvgqrykiTE6sJHY
spotify:track:3dAxzv7hkxipbuWJaOMzAl
spotify:track:40JSjO17ltHsFWUlo2Y7Sc
spotify:track:38CDEzd8mrY8Hix4nrqBBu
spotify:track:7yS6WCTP3c4cv2TAh1gNRt
spotify:track:5pDmunv6G71w7NSjOPXbYw
spotify:track:2NtRKgKMf7bfJmM3Sz4RLs
spotify:track:6MDijuuArPJv1vbp7K1x3f
spotify:track:6Mk0xtgL6tZ7XQc9GAvobj
spotify:track:5JtPGzRgrWxkXX9LoROq3d
spotify:track:37soQoNhEEIrhhYgHWK1xU
spotify:track:3fN8djLf2uPJp993x5Jyex
spotify:track:2zeAo1ddhjm1TioD77dDSV
spotify:track:5Hn7uZqDarw5VTNX1XluV3
spotify:track:5u6Woby9oKAF8LhhuxykH1
spotify:track:7sOBuRK26Ov7CR5fRSR7Om
spotify:track:66S14BkJDxgkYxLl5DCqOz
spotify:track:3yRV0V5l87Q6EyEnv3d7YJ
spotify:track:4klWWWcWjHiRil6EqLLq5u
spotify:track:1QkLm2qvpAvoeNEpX0yO4Y
spotify:track:7ezQ9mKeDofVIj4P2WHnjv
spotify:track:4keAoywVf4jxRvXU7ON0hV
spotify:track:1CKm95B5JmaSCnZLquInM4
spotify:track:7KmawNv6JUgZ54gSyVF6VQ
spotify:track:6yFNMQrUVlg9Uqo0qRzGOD
spotify:track:7nxi8DUA9Iw6nnpGN3M9Zd
spotify:track:2J4obtL5oOmstcOfq5UW3C
spotify:track:3hPHUpKVB4xo9efj2y29W9
spotify:track:5FMu7ZbfPXmGeOU7FnGijE
spotify:track:6kX0IJzgRHkGOuftDSUmlE
spotify:track:6HadZejJaG1KfJkXC4HAbv
spotify:track:0LT3b4EolQQZBoagMbygzn
spotify:track:2ognBg22wizcv3WUUrc7bL
spotify:track:72udex4rqdSPh7RrYI8iT7
spotify:track:2hjcUWR2GYG3ohQugmRzaJ
spotify:track:4oSc30gi4ihYKVD3I1rD8J
spotify:track:26t24J0NOIkPebwKvMtIrM
spotify:track:7EVB3BpvK1U7ghWC4Drfy9
spotify:track:6DLmCYhyxHbsclpaijU0sH
spotify:track:6hFppc6ossNiMr9Ap9fYJP
spotify:track:5WpWUaPZaIPEVrZlgfrEXO
spotify:track:4sscDOZCkbLSlDqcCgUJnX
spotify:track:5FzBxhIsZBFXDTVGWtV4IQ
spotify:track:1TElEesuxdQUE1Tg6aI02u
spotify:track:10K0AIINL8AF0onbTpoPku
spotify:track:07ahbydCmD0CLoN2zIx8bR
spotify:track:2Dwtugufp7lAbAGHDjBr22
spotify:track:5yUCiGd42OdY1yWQK9PMx1
spotify:track:6De9HepiNzEpmB0YLiJGsi
spotify:track:0b0CTk7Q1OvQrqypcGi8WG
spotify:track:64UioB4Nmwgn2f4cbIpAkl
spotify:track:0WmncrlkUg1mEfahefvrmQ
spotify:track:5iaWq4djtfWZk8McqrtprO
spotify:track:2zl39AMYwO0jL9SRBBWK6V
spotify:track:2hwXsSTs5oY2ffPgHtgRf7
spotify:track:3jDdpx9PMlfMBS5tOBHFm9
spotify:track:6dQJI4hFolhMnZhSHxkuGc
spotify:track:6uQKuonTU8VKBz5SHZuQXD
spotify:track:3HOlpb1e420vpLVcSbKJof
spotify:track:4a2mD1O1u7yS4UbixcLMiv
spotify:track:0UbS4oWIo2nUXeTxsvFaN1
spotify:track:1Db4LvtwF3KVOYQrfRGTQu
spotify:track:2kiioztfZzwNNKhGrc0Ao3
spotify:track:5W7f6cAO5omUBfJd4giH2C
spotify:track:40yJGQyEaBbIkXpwMFkXip
spotify:track:3pXAa69soxZ98bQ1gr18HO
spotify:track:4VRXjRFle4WEhnPWHDlero
spotify:track:3tSAji2iB2P75VW1sqySoY
spotify:track:0NkHpr9l9NnVXOr8cNWHfa
spotify:track:0LFPNYHs9T1dualhqYVgiQ
spotify:track:2NUt9bsznnA4ISWN3nfSKV
spotify:track:7aeLPLzp2EfDYUoJ59V1ui
spotify:track:3fnvElSyFC2xCc20sYTP5N
spotify:track:5xhukedm2mj6DcfL76dxni
spotify:track:6cV1akh21MtJwmQfQrL7Eo
spotify:track:6VFTeCQ2Ry9qcV6XLgVgJP
spotify:track:0kA2wlpwavglkyJN1yG3Gn
spotify:track:4OeWKiSRZUzQmgxcqgPQxu
spotify:track:5vRe6aF59syDBMBqoDmtmF
spotify:track:2OCNLsMEmDfP4sNC96lBSa
spotify:track:3BHcQL7paHU7brBAFBqAm3
spotify:track:63CDdo6SmxlU7XoPVVFE2U
spotify:track:0xI0wLXVqce7pNgLKUjOaz
spotify:track:1VeRAojPHr9BwM5z9x98pz
spotify:track:3bUjnKhKemtKnDkJnZQtG0
spotify:track:1oz2ptNhrkqIynKzuO8dhw
spotify:track:3D45SIDST3L09DSQTQRoEC
spotify:track:2dS4fv7VQc1Pgwe6yaxK13
spotify:track:6pIpPD5ArmHZ2iIgygbYE2
spotify:track:2yMpXk53Ob8m2AnYojBCl6
spotify:track:0Lt9U4SZevReJyok6Jj61C
spotify:track:3E1d43jYgxrpe0DD06rhIK
spotify:track:4Mcv0eOw5uDrLOXJFjpRg6
spotify:track:6OxB4cYBZj8dVjvV52N1NN
spotify:track:0xNcNpXBVrEBbmqhpUGr3e
spotify:track:2pkqiliYwKETs7rX81HxOq
spotify:track:4DTHVXK7iZQHJqELOsUkVi
spotify:track:37vOv8JYJRsqfPAUQIfpRh
spotify:track:6EV7G6eKaZbqVb977pjde1
spotify:track:4tOk3tjylLba4t8KwQxDF4
spotify:track:0gJd9n6gKHNQTgkQJ8JbgU
spotify:track:5E6VidlnFqvmJu3SZmaaqq
spotify:track:7FcKvgJLesCoaBSkbTBUdT
spotify:track:24CbX8CkkGJKGLMTpu0olW
spotify:track:40MWQCuZGG4kYZ1cxrdTrO
spotify:track:64GDtFKRg6Jbw75X2ArwBf
spotify:track:1fpSdqEoXJBEr4HGQhWcxP
spotify:track:1BfDYBa1bFnuIVzEU0Jcf2
spotify:track:1HGSEG87jSSNAjUZWTFE1y
spotify:track:2nyV6PsoS7gO4mxbhwEChW
spotify:track:3knPQnT2z40HzRJGL44rhQ
spotify:track:5AQa57uSfo313RSihWqjGx
spotify:track:1hYz27mkvDvokNzyTyqUru
spotify:track:2bOtPtzdNZMXxuAETyMSUt
spotify:track:1gfLXyCT1B4WY3lWrvcUiX
spotify:track:5CqmSwn8D1DuleBV1fOiCG
spotify:track:4CKITKW8alxoGiHu9792PO
spotify:track:77HkZxPvkQnNVDmoDkvn0D
spotify:track:6hs3SDnbO3f6VQuPO4KBEb
spotify:track:3B9aHt3KjK1u2kuhHsOlyn
spotify:track:74JdR9aXE6I74oS1BVRsvb
spotify:track:4Hff1IjRbLGeLgFgxvHflk
spotify:track:2bfGNzdiRa1jXZRdfssSzR
spotify:track:4hNPMfFHauPIbOKvdYqFt7
spotify:track:19bvTzzRjbpxgYdz5gViIU
spotify:track:3qdDjz9kOvquEFbvXBYOMQ
spotify:track:1kSWrMDt439cT64WpjJigW
spotify:track:0dcMqjeDpwqB2xhzMsld0p
spotify:track:4M88Wd7Aps5LGRWMOC7gSH
spotify:track:6mib3N4E8PZHAGQ3xy7bho
spotify:track:1k9HQORW9eNnQhv8me7ERI
spotify:track:7v9Q0dAb9t7h8gJOkcJHay
spotify:track:4xvEGLCai1xbgUpMlRkxAG
spotify:track:1Id5XulbhDmhH2vDNTLQiP
spotify:track:2tlQN0gUJz6tW7bPunEaid
spotify:track:0UsGr7rQnhvOSypChGdGgZ
spotify:track:5kRGLbl5wemYO1zFPjyJcz
spotify:track:0HxjOKFZ6gw3c66G4tqgpG
spotify:track:5dmlMfZajWNbUskAg9CN3V
spotify:track:78uPenrrGQWXYZRnK1k6dt
spotify:track:7n3IX5DVIFqzS4TIsn0wAW
spotify:track:5eSllZgRWCIJsDTAqFRwQw
spotify:track:6jWkZvd1URGktyTTwcpPpB
spotify:track:7HX9f8AMBl0vQxAoAzLqhS
spotify:track:1oG2vWELiGjIqxwqGcyqwF
spotify:track:6akTmDtVqP5BOtQtECbNDE
spotify:track:6cvH3BsdBRSae3DUqaattp
spotify:track:6XMLFDsxNWqIhfBChfsShR
spotify:track:7fHuewkz5Aaok93BB3QZQG
spotify:track:7d84nV81PQ7CAWaOUEmzzn
spotify:track:43NI5sAcvDLG7QQAmUc7UU
spotify:track:0czxpeFyqZBiCL6rjU2MJP
spotify:track:6yljCYdn6RsTj8oWXPeJCl
spotify:track:1X0IpLLI572r7j5wU4kXqF
spotify:track:1hXqbTxX8rxknACmYJTqJG
spotify:track:6vcF9napv3kwm8rSb4O2si
spotify:track:7caEjw1RRgGlbFBr4sgu66
spotify:track:2mp4L0XjHDtJOl6cUFrvIu
spotify:track:2yNJBXzcVtKSTK2Fjli6QW
spotify:track:0Fbd3ptbEPKVyumkP0HK9e
spotify:track:3qI76fd56ASO38YDPER0Qv
spotify:track:2EjQHNY358J7m1nUeMaWFw
spotify:track:2tKkXTc9RvtEwNDYR2Fb8f
spotify:track:7qLWSXxmZoxPe2SvT4MjJe
spotify:track:5xtdSwojPyNLtfRYaGR01h
spotify:track:0t4SrGoEIChtngfq6iGSFA
spotify:track:7y9O8sJmuX7DvmyrR7h3PY
spotify:track:1CE6ORhLLyvBopnVdDVf3z
spotify:track:3xBGFVU2b2PV556Q3ebsQH
spotify:track:2LQSaSCpS08VmoaKcmp47P
spotify:track:1wSqPW7MK1eYyQ2D6KA8kC
spotify:track:4und2R8WCuxshOsW5udegX
spotify:track:7sT3O2PXs1o12XnCKlv204
spotify:track:7KEnkLtNjQGICT7T0diwf4
spotify:track:5VkSTJxPAhrdgMknBA60Vh
spotify:track:4NBwQVB0Q8Me2KHSpM2utL
spotify:track:2dN0Z2QwMa7T4HVjZ4N7ss
spotify:track:5cSaE7iF74LXWMhtpsT38O
spotify:track:7vTSitWh0tgWPO4yN7aAJa
spotify:track:0MggCyT7UDf31eOm8UkLo7
spotify:track:6KMsNJ97FofqjZv32NrYXd
spotify:track:412w5yQ0Eg6gIGqyfg7BEZ
spotify:track:2YTpH0eQczcthF5qWRk4Qx
spotify:track:30OIM2sLquWm3Vbpl1Fz6F
spotify:track:6jSlqSIpCQzANjd5qpkd0w
spotify:track:4iv9WnWuqCbHgpgwSWbmxO
spotify:track:3lS3jxqt9XFrLC5pl6adAN
spotify:track:56ufBStaVwakEQstXfirp2
spotify:track:09O93pSu6NPZQtufsnKwmd
spotify:track:2HIBLVrPvnLvn6hYxNmDUI
spotify:track:4mpAm83XX1iS63l8wmkEC6
spotify:track:5KFxoL3MW5MxEo0NafSvKe
spotify:track:263aNAQCeFSWipk896byo6
spotify:track:76GlO5H5RT6g7y0gev86Nk
spotify:track:1N3B55pfz7VhwO625HdEbS
spotify:track:7nTAnxfXWQBwYKbFj5SEfU
spotify:track:7wk1BKY8fIJ5ECha9Vpo13
spotify:track:0iTpQYzJnYgh7kIxyq8A2O
spotify:track:30wvVTkqA4Fp5ZCG0xGof7
spotify:track:7ntT9X35Y8FspsqYI2qRi3
spotify:track:62ZlYDWODNrQASuDwrDRoK
spotify:track:5IHiX99uzPBDfN2MLHT3Mh
spotify:track:0o1N4jfVOXErcR82UKxfO8
spotify:track:2Nt4Uw91pQLXSJ28SttDdF
spotify:track:1kn0qoZsAYz2IEOSmWGrvX
spotify:track:51XZD1FCrWyU3dDWJH4nzb
spotify:track:3cSlU4ZH4wzb5pM7wI1k3f
spotify:track:2VGDntFPvgvqSiUf9ITEfW
spotify:track:2aYvXJhIBrxcEnk7uCJCjN
spotify:track:4OciRObYGzPzlU40U7YRc8
spotify:track:14GofXIM6nH1d1MLFf3PYW
spotify:track:2pQZ9g4vaFNXO42kMe8e3w
spotify:track:6IE47jpPeatF2Iay7GZtEc
spotify:track:6IM45SqAURH6PrvziDs1RQ
spotify:track:6o9Dt1j9ywLoX8B9dqRM5D
spotify:track:5loGjtpOoD4xlha7HJfL6S
spotify:track:6B3bNP0x4vyKM9aYWRvzVf
spotify:track:2OFrAsP5Vrcb0DtsPNsm54
spotify:track:5CnPPESrUPsVTsb99s42Ej
spotify:track:4SpObLNxf6euNYhqMzgloB
spotify:track:1VOC6LXXAe0pouf2L9Gdoa
spotify:track:1ObsPp7jxAhaMCoj0E4hEF
spotify:track:4PNyzGCrnbJr24P8L1FPnF
spotify:track:0NOVKtA0Ohp50FGM1KceXo
spotify:track:08fFo1JbK1ZZtgVckYs099
spotify:track:5gdYRxLcFNnKEPbFr1qRoM
spotify:track:4gO5CSfiHBx6z4L2JsVZgm
spotify:track:4VXZOPaRN8awlRLJSlvClw
spotify:track:3v84otT0tjqhDPpm52HLJ6
spotify:track:7ejuTYxedcWpKjnkATgMLm
spotify:track:4hGPrduIJx8598TETMUXGR
spotify:track:4DMAvy0X18rZpIKy9PUL8O
spotify:track:0OQq24Tt9BK1RKUQZbLwR7
spotify:track:67sW8n0jtwD6TynPDJ7EZz
spotify:track:19a4wytbh7c3KvxUfYgE2d
spotify:track:5r8dlNIjyCy0n2AIj0xCf9
spotify:track:01xRIF3Soq30ZllFY1obbl
spotify:track:3tAis0yvcbQY3RLRI6K6kj
spotify:track:006SZNdXRgV3JmAKUY9Uzl
spotify:track:5GkDNA2dsdLrzTEJrRFHRH
spotify:track:4CRbiSYByxvdMIPSvYto1w
spotify:track:3v991qc0BvxOvMlGoaf8B6
spotify:track:4zcWdqDGbCgoYewvhqxExf
spotify:track:1JlgC03esFgTVJ0FUw6nVI
spotify:track:1hR1K837ZhhMpZ8LFbFlTC
spotify:track:2dbAehQvp1A40Y96MsOATE
spotify:track:7z1UBLHpv03c8miAfwOeTj
spotify:track:4ac8pAEa7a4jxc1aebXssW
spotify:track:2p2VPbDlG1JBkHNwfaV5DB
spotify:track:4G95wdMxUlcxKql561keNB
spotify:track:2vVrIBFqftbGnK2j0PuMOX
spotify:track:69alfiPINWtMrVuTsxUMlN
spotify:track:29Ot20rRFi2fLrF10oWUSk
spotify:track:5d5C6T0WyNaYmN9rrE3AOa
spotify:track:2GO8ZpAPxr1obsQ9PqSQc5
spotify:track:1s5A0u1dnAeVNur5nPkCpD
spotify:track:6ibbHAoBrdqJxo345QGumd
spotify:track:0hgLHFyN9u3WqkK2ofpuUX
spotify:track:3KWpkpZRx6mJ3W5jGCLXnY
spotify:track:7mixldCBjh3Mb03W9drOVu
spotify:track:2AlvxirWO2PxlouWt2wWES
spotify:track:4Umy8mk1bBdWYoxKB8354f
spotify:track:4YkaYBc66bBdr6ieoyQnNV
spotify:track:6Vnh0sTXkUUwiIBUQPQO7q
spotify:track:2LvOXNekWrBsyhL4ARAMOZ
spotify:track:0ww8jZZtGU70QvYUFmDbqZ
spotify:track:39XE8nnqVZI9WrsFd5STKx
spotify:track:08YAU8YEzjXbPMBhuwwNjr
spotify:track:30JCx6FAXUyasivyvkyjCS
spotify:track:4ovWlaROLot6mH7PA4lryb
spotify:track:0NNxB5TvO0NkKAcJwUnXdw
spotify:track:2ZDyf27V6u99YgChCffKSy
spotify:track:4kXQ59QaGVIbK7uRimiJVB
spotify:track:466LASOuTbWDkrwZ3Ylxvv
spotify:track:3wCTClNQRHSvSIjbYoahBE
spotify:track:5rFTwVCVkayC7kLQVj4hZS
spotify:track:2iMx83LVxlWOsUN3PB75bz
spotify:track:10s7ufxgBT4Jvd6Wxk4fQU
spotify:track:6L89mwZXSOwYl76YXfX13s
spotify:track:259j5EvuFDiXzbMYSteBXw
spotify:track:4hyyudDZu1suEggY4y7pl5
spotify:track:4UQpPqXUAkym8tJm2BXmQu
spotify:track:0MKa2IJadzWZDoFOACmhHR
spotify:track:3dAAlzhQiEywGIQ1ULDKNE
spotify:track:1U79LZKLMcUkE36a4Yzh7i
spotify:track:1iOOc5dpZHqGkHlrn7rZGQ
spotify:track:4yYJkaD7qQyiJpRFOBVZxH
spotify:track:0bMRXxgaLU3LDEFgNI5WH5
spotify:track:743mgbaWbrZEkofD66ZGR0
spotify:track:7AdPMRqhONmhjq54T7PyyO
spotify:track:7Ka8iuP5erBADFPMQKndiv
spotify:track:7qPK7huRsW7uBsQFTLWZk8
spotify:track:7xXjg23Rux7Q0hCvsC3QmZ
spotify:track:2zyXkd7RFLgYyvgsQk9bzi
spotify:track:1bUdQCDuvzb1OBmBfqGqaF
spotify:track:17aHJSWQDLsybAV6TlB9Sf
spotify:track:6TLR78FO9iKTm2ZMMxQAmS
spotify:track:0qBNWBK59KqISfZVbQ8BrY
spotify:track:7HJxI44A7GSZpJdJpIPIBP
spotify:track:5xcS6z3NrsrhDC0F3F3eed
spotify:track:10o5MbzhS67VhD4d5IJD4n
spotify:track:5ip8NxzAUFcKFI2BRwaQ9B
spotify:track:4NOS8ed93P8Xu1Raf4e8E8
spotify:track:0UnWcA4PjAOgp7rEfSBkyb
spotify:track:6LR9JxoWH2UJsEUzOx6KkL
spotify:track:3gTxoIriO6goMjyWpgxbDw
spotify:track:1670Ok35N4r39mSXFt0g1T
spotify:track:2wGLmEiWTc6q4EZhWy1Ltd
spotify:track:7fjLBPTsQrbkV2WRedi2bw
spotify:track:77wywwkLtE5mlrHMrlfSAP
spotify:track:48vTjyjB9hM9WGoG2pmmIe
spotify:track:3NhcdMglLtCucAxg07EbVi
spotify:track:2DYldvIEf8ApSrCpDGwDsD
spotify:track:27q05upTUtvQKCReZDy4PH
spotify:track:08zZufgsCmyjKe2WDYl9bj
spotify:track:7de5EtyoraObFqNNEuVJZc
spotify:track:6xi93UGXWOLFUSmhZsi922
spotify:track:5RNXApzp8d7y4oY7zabMv5
spotify:track:3GUKR0o4w4tcB8FXUkMo2z
spotify:track:2mUn5hSbEoEM5WDhpQtVTd
spotify:track:0RrzD5oThRUFZprZYNhVgm
spotify:track:0iYOR7szXPWHaQjvblhrF1
spotify:track:0W6xWjWU3hBKfO3BBD55cI
spotify:track:3sxVEWDtMwY42OwoAQgM7h
spotify:track:08u83xFnbotiLYfptooHGt
spotify:track:6cM8ab3B6ktE1a0icQxUlP
spotify:track:7wjMH1dA9UQvBnhe5x9syM
spotify:track:29fNHsUogi2p3V4tpCbfx3
spotify:track:0GIF0mcmAUMncJZFKnoywe
spotify:track:0dIDLi5yCGx3YxnJSz7flh
spotify:track:01XyE7mEn4vFsweW7HNYo8
spotify:track:5YUoidMogd9JTkomrKsL2n
spotify:track:2PxUCszL5M8nfsSeFbIPlS
spotify:track:42uZxesoDXL7cLXBPXWNFJ
spotify:track:7aheCJTgZydWp7D0BWgrpc
spotify:track:3T06pIOmXJ6EkJmVRN2sv6
spotify:track:2CdEj3nORFFiHtxeUdRYFo
spotify:track:6TO0wnNQn2nyBFNQcpNgRs
spotify:track:4aECVYTqWqNMWJYL6fjsyD
spotify:track:5b4AhEfumec0f0Q5Uv9n6q
spotify:track:6wqzg4axkxnpdmVOG3FHfc
spotify:track:0qqx27UzjB3vlUYM5tcymi
spotify:track:4MORAdzD45RckawkQ7McPZ
spotify:track:5eV5egvbCQZMixZWQZVLHo
spotify:track:7ySV3f5niWtwddDLUFLwIZ
spotify:track:4DkZw9ez4OacQK7iQRYPvE
spotify:track:1BAJpa7mrs0A8cHsA2enqx
spotify:track:6vsrCq7ItX2URzc2lagsQR
spotify:track:4zCZ5qYRatKifKX5VfJYxT
spotify:track:7CNN39nQUCQ12GGCMSEMbB
spotify:track:4SLyGlLfa6ilo95W07jiTy
spotify:track:46lvs0C4BXRmilp1sAn3aB
spotify:track:17Nowmq4iF2rkbd1rAe1Vt
spotify:track:6dFlPqbcAjpvDKp8voczqX
spotify:track:19Ov4l8mtvCT1iEUKks4aM
spotify:track:2weDkGIMFWvWK908lBUC2s
spotify:track:4iwMhMvcTqukn1n3NVjb2N
spotify:track:72iYfBDEF6dNVeekA8ppyB
spotify:track:0aP5ZTP3o3IvqNvGZ8OUUq
spotify:track:6CdDTczPGeI9sdznpTmYEZ
spotify:track:5AiNZnMDCWwujIENPj9PV9
spotify:track:4x7XJOE2ml2P3o3i77466j
spotify:track:01UstUPbzPgq2MNp6h0tVo
spotify:track:05DohKWCxbesK6ezHYFJFY
spotify:track:5FFowl1Ve4S5OehL6OywSg
spotify:track:6pgg1PiWcNaBPQt1iiEVrQ
spotify:track:786YWhtcFac9v8tb6ucZAc
spotify:track:3qWVbMDGjs3rIfORkADkzI
spotify:track:4l86U8arITFVBfDvYn82v7
spotify:track:2eg2gvPXuwZ9FyrPaLgrXi
spotify:track:0qHrE21zGV4DThyfx0HdFu
spotify:track:11607FzqoipskTsXrwEHnJ
spotify:track:3fElupNRLRJ0tbUDahPrAb
spotify:track:67QoiIkRlv6Y7N4e3eLitd
spotify:track:4pbEwQiDjPln3oYlijXuOE
spotify:track:0vj7w2ykn6IwOdNk4ggd2g
spotify:track:3ssWhxlMN1etlnlkAJF3fe
spotify:track:7Ks4VCY1wFebnOdJrM13t6
spotify:track:75izAeHlGuOgA865CFDyIv
spotify:track:0N3W5peJUQtI4eyR6GJT5O
spotify:track:4oFtLSgHyZPNYDCcANhTnO
spotify:track:7uWVT3UkCAZyANvv0bdyQn
spotify:track:1bxEpNR75Hq3T2oF9AZjt8
spotify:track:3iVcZ5G6tvkXZkZKlMpIUs
spotify:track:7unx2Rvsq8D0RfOLRXclTA
spotify:track:0CjJqkWOpIUXdem5hUcxAk
spotify:track:2UOYzhusMTypF7oAQwksCj
spotify:track:4tQcyj5488alHT1ZgFduzn
spotify:track:72hFOhhhnOJZnnp6uVOgPn
spotify:track:5Mtt6tZSZA9cXTHGSGpyh0
spotify:track:7A3ETuOrieyx9KSF0sn0Zf
spotify:track:3ODXRUPL44f04cCacwiCLC
spotify:track:1WT11QmhZutciEv1NsHt1R
spotify:track:6SCkfhvPQUxEJM2I30M6yr
spotify:track:0qGFnxDIqGBIq2D3zNbjk9
spotify:track:6OkOFxU6j0UufR97VgSnS7
spotify:track:3I0FBDc1c1BLNtXWKVjmFg
spotify:track:2fgAJeky8Cpsr8Cfvn2NVp
spotify:track:2MYl0er3UZ1RlKwRb5LODh
spotify:track:439TlnnznSiBbQbgXiBqAd
spotify:track:3gl1RenSXn1biKijZ1qvky
spotify:track:712uvW1Vezq8WpQi38v2L9
spotify:track:3aGibUHhQyBsyumYHylw0K
spotify:track:0PEXp5yk0sx9dJ8JzwvjJb
spotify:track:1H3ZQduz0fODn0HG4cIBqw
spotify:track:4kmQD8AHOQtg1Ft2NooJjp
spotify:track:0x38UMMhYacciPRK7ETk1M
spotify:track:54EZ07v1lWbJDDpIjMEL71
spotify:track:1JJJQYklfk5ayxyYQgD5FO
spotify:track:494PzYaGNO1dpI45HFH6mh
spotify:track:3Z2sglqDj1rDRMF5x0Sz2R
spotify:track:2DxKSe9ZWmZUXGdbXCcPET
spotify:track:4raEiDlfGu9dgeOfqldy0b
spotify:track:2jQIzjFeqCT3jOUi3dIlWB
spotify:track:2peoIrd4v8r4HXNPXePIXQ
spotify:track:2CsJ2UO3wsJhCfl6AgbbsT
spotify:track:1eRBW1HcyM1zPlxO26cScZ
spotify:track:3DFjTEueCBYqg7YE05eUJP
spotify:track:40IQooNkPRVtn4zlE3ZFpA
spotify:track:5bBUDJUfGcG7eFy3Bf4fXv
spotify:track:3DsZdGFd1FK0ESdya8qcxK
spotify:track:1PuMbKR2PHJ5jWW5aj1KzX
spotify:track:4J4EEk6I0JSfg2b3y1gYwc
spotify:track:4oRqSiVyGrwb8dnJBO6FNu
spotify:track:2rmq49FcJ4U3wh1Z7C9UxE
spotify:track:3V8vWoCbKbfjNrPaQ4YtSg
spotify:track:5d8yMIlqJH78lwOUP7T3oF
spotify:track:3RPK9VQuTsiTySY48ldeqx
spotify:track:0PtqzFP7Ob78UB4cjcCRg0
spotify:track:4FfoCv4Okm4U4HBq2q8SlB
spotify:track:7lB3duOmrKkiQjjVQkYcaD
spotify:track:2g97JrWyQrhSiqIJ1WvK1N
spotify:track:0sQ9MCD0ichtBCSi8Khn3h
spotify:track:44qK6WihsoDwX46QcwLi2J
spotify:track:6fg0ibcy1xVrMfW4MW7og7
spotify:track:7lOk27JL20z6AD7oyo2m5j
spotify:track:2SQX7jhFFVEw8guNZ3Ya3u
spotify:track:07AtBntQBeCorDyezq2ttx
spotify:track:02JftmBS3qMuKy610UQmGg
spotify:track:1csItF00viGv6D6fkG9QS4
spotify:track:1pXvZZ7Ubwt4rpDt3JEHdY
spotify:track:589T6jAZBGMoDCIVoCUpan
spotify:track:4alUxbdFc2W1G9G2ObLunu
spotify:track:7fF6FWxPE8YCt0kUwHuhsj
spotify:track:6jPBjORofYaGFOaqDB4kHa
spotify:track:2nHhpCoyDFCVrw1O7SOJHA
spotify:track:0DzeEsKpznQd6pQE1OUcUf
spotify:track:7pFznsNR8N4sRaE7AQPKez
spotify:track:553IxBC0xS8GLzI8tgETZ8
spotify:track:6lnZW2wFfcTABaoRJUgMyx
spotify:track:0Evd1SDodEIH9XiRLwy8Ta
spotify:track:0LPODKihyn7XCxFevkE3KY
spotify:track:3GWVkWWgn7su8Z06oBjiiX
spotify:track:2nqqIatHUVkw9S342HZKTz
spotify:track:1OnqFUXMx4GFKJt7VMdISA
spotify:track:6ShcSGpXkynGECty1hKTRe
spotify:track:1XcKztnLHUiUC17VRAMEyc
spotify:track:5Q4OndPgegGCR88wPsXswf
spotify:track:7EVAXEEl0xOWA2FlUzHpX9
spotify:track:2gwwiPeyKgIdLqqlpt4Qee
spotify:track:0dhai9DcNDLnmzuvEiaYO5
spotify:track:6mMwj0C2TRwW56qmQhJV5P
spotify:track:4rJhfkuu2E6jPMauhLiw3K
spotify:track:1qdhcvW9Qo8YxNImH38AcP
spotify:track:23i8helR1qRsqTx0WJXxWu
spotify:track:3lX49Bqy21Y5HneUJ7p55G
spotify:track:2r8omSG8TCJXy9tzPi1aNs
spotify:track:6oKktEQheLfLmD7pRBqJEY
spotify:track:2kaLNUT09JfpoZAzqgmhbR
spotify:track:2sR9d6FF5b2emVRnkG2yhG
spotify:track:4iT4XxxH0W1SwSo08pQSBO
spotify:track:1Mys9KgjU9S4qPbp5Us4rF
spotify:track:05ymX7kSTFjq7DuChtZTVx
spotify:track:5YPbuFOVIB5FZ5i4Sgy3yp
spotify:track:7D3yCZWfIgYQnNochYiLcf
spotify:track:5by3w3NXvwDpV9FBSOR35u
spotify:track:6wqt7M2wbw2XWAtCqqAfmA
spotify:track:4qG7NaN5VGPE2HPFKFHKCs
spotify:track:2OTovEYN1lx57YfLEe4ylM
spotify:track:1h5X2BiNVo3mweajFTNZWh
spotify:track:1UDrjWvKvEuqeVVEBhbosm
spotify:track:5UXusQhn77o9f11H4NKFbM
spotify:track:4MOjErpMVeYtorNz41qaUk
spotify:track:7KThCqsE9PKmBp8PCeD2Ty
spotify:track:1WUkkaOOPVSSfGYESKJ8om
spotify:track:1zbuPQtDzzuDf2TZmAZTfu
spotify:track:12suOFQ7JZrEwpITrUhx46
spotify:track:5kgvRTKmoJChOc5PAdHZg3
spotify:track:5q453TyHMg7pxYdNG9nufn
spotify:track:0wmaGiDKtKaRf7G8nBfNsQ
spotify:track:1Pc3gTtQG4Cq1x81NcXtCN
spotify:track:4IswprVy2RdWGhiJVKWYau
spotify:track:1HfJV18PHF2UQqh4TuySBJ
spotify:track:5wmKXXb1PiiRpnsJMe9f5M
spotify:track:0ZLtEKPpqxDwyZe1sYtLSQ
spotify:track:1EPVTZyvQP5S7Qnc7oQvbA
spotify:track:4G4WwlOsBK0UlhdPQM5Axt
spotify:track:4N0olzsMpr5cAPFrzNErGv
spotify:track:0trHOzAhNpGCsGBEu7dOJo
spotify:track:2LhhnqrHPWvXYveZVHLKrd
spotify:track:7G3lxTsMfSx4yarMkfgnTC
spotify:track:2PRsh2LNPxoxC9OnErnelg
spotify:track:2W58HMaCbjcUfZnZaeHtcC
spotify:track:27u3Rh4IWYPdwVST20ALrt
spotify:track:3p50PUgtBHM6rwUuD3RfFV
spotify:track:6DPrhGVJ1WTZvM9fKptnGe
spotify:track:2CPturRUlpvirYr7VpkXCV
spotify:track:5FZ8vmnXffcXa1LGjfr8db
spotify:track:1AHfovSnGPVYKaahRtA0U6
spotify:track:6Xnr9kUjtLxjzY9AGBBIvH
spotify:track:0FuG4hpyuT9BBwM4WU1Wkv
spotify:track:3FWUMAYTCZZTCaPYwjXMLM
spotify:track:03j354P848KtNU2FVSwkDG
spotify:track:1yhDPgIPGoe3Bf8wRsK4u7
spotify:track:5eStu4K63j7t3ZWGGUKR7X
spotify:track:5RuKwWwNwA2URfO4btAKwZ
spotify:track:6kFqOtSiK5SGxHEZWDLdeP
spotify:track:2QaemJ1UzGbeKWCz3QfOBH
spotify:track:1bAvtmTl0F9loyz9AwPwp7
spotify:track:1wXWuZgVO52kWbiQNTaBb1
spotify:track:4dmCLAZbWYT0qtcG7GVMdb
spotify:track:5YtBaDY0968d1Bsj7k2XHX
spotify:track:5L2IIsIBGIXiGLCiozNvCa
spotify:track:5NG9lNttlSqVEW2kB19hV8
spotify:track:0Kjv5ecS4pjpUsIVKi5688
spotify:track:1iRyb0yc8ztYVY9dHDbgdP
spotify:track:1JKOVljM56qqsTJsdMmTHl
spotify:track:2hRDCRD9IhRRA1i0EzbXvk
spotify:track:2w2haQ7oT0q8ShNqPlZs2k
spotify:track:14hHhrWVtbjv4UAzfqvKlA
spotify:track:0m3RxvsTvrgxomTJoq55Ko
spotify:track:0uVBj69XaprAC1ZApFK2xI
spotify:track:2xWcmr0KPYoFcnm1Jfkr6G
spotify:track:3a6sWNp6MQfZ4PqbfReVSF
spotify:track:4a2XRuKWb1taMV5IsKp2It
spotify:track:20bC6PUfDUcrmQajTWk96x
spotify:track:3UNPA9XgUNAStNazmC67yF
spotify:track:1p2TWJxUlHE5JR0sE6E1d7
spotify:track:1JdweBSkJMLjnNW6LzmXJ8
spotify:track:3TIo5qGOkX7E7zAT97Camc
spotify:track:0BxwLWELYVGKqzUGXJNmT7
spotify:track:1DLZ3LOpUUEQtS7lR1fh6u
spotify:track:3X8gOyVXP93Tslnz9Bxw24
spotify:track:1eyzqe2QqGZUmfcPZtrIyt
spotify:track:3rTnGUeDrnZV22DvRuUuXr
spotify:track:0NOQxyVgo8javoH9H4wvU7
spotify:track:2OYMcth0dXHv5qcoli4HPv
spotify:track:76nhugKSN7SY54MA1HCm80
spotify:track:5Y8sPOwWupGEGM7ifBDR7F
spotify:track:6Yzh272O4hwZHjrnXYhL8a
spotify:track:09zN9QBOHe8795UVOvEtnt
spotify:track:4Pa5XXpn3sdBPMVCSWGEhB
spotify:track:5xLI7kN25nQGZADi7uIBBI
spotify:track:6YNrh8EvBtw3Ubgqj0Sm1T
spotify:track:2Swpr4UiCfYUl1wbxrduBs
spotify:track:5fYX56xGBl1MoifHJFN9ZU
spotify:track:2gFBh7NnEfSeBoZZDB5d2C
spotify:track:1ZHLEKW4rXRaDJESAX7CR8
spotify:track:3PG7BAJG9WkmNOJOlc4uAo
spotify:track:29engDqjmMr3VLqMm0c0WE
spotify:track:2J8Mbdpem8CiSZKRoZOIeG
spotify:track:1mL6q0gbifm2dBTvMBx4px
spotify:track:7qOVMMY0couqt76ObwY947
spotify:track:4PINSJIlBWsnVeveicq1S8
spotify:track:2g4LWy7YxrbWYA2RJP8nFk
spotify:track:1HFoO5EdFw6emUIf8GofxH
spotify:track:2PvpzJMxUqgrQxt5aM9jwy
spotify:track:0ZfP7K8NoyJRjEfWWk8Mlv
spotify:track:4Hh6Q9GhhE8DeON2iUtYMT
spotify:track:5MIjLrGCsgIjLPRkmbAtRJ
spotify:track:7eZ7ODAt9cALYnWLO8F6Fd
spotify:track:7fBv7CLKzipRk6EC6TWHOB
spotify:track:7uJH0YdSZL6psjxI6Xy08b
spotify:track:4PhsKqMdgMEUSstTDAmMpg
spotify:track:25KybV9BOUlvcnv7nN3Pyo
spotify:track:5J4ZkQpzMUFojo1CtAZYpn
spotify:track:6VwBbL8CzPiC4QV66ay7oR
spotify:track:22VdIZQfgXJea34mQxlt81
spotify:track:2PIvq1pGrUjY007X5y1UpM
spotify:track:6fRgjqJptZry7fipP2Beyh
spotify:track:0C5WrEPjUYPxVkKyth1Lbz
spotify:track:3Dt75NjLThmoBTp5wQC7g7
spotify:track:1FJrsh1NbV9eRw5JQt3M4e
spotify:track:6AirEKLAv80bFaIDKpMi7I
spotify:track:4dkoqJrP0L8FXftrMZongF
spotify:track:6XDFFeinPXgy3auyC7huoC
spotify:track:3c5twTqyeRYC9WMBubbo8N
spotify:track:24HPkbkXJsIFC4eyg63zgQ
spotify:track:17Tg9KYEkRRmftzs6BcFYY
spotify:track:69wEQYgNYat29AFQA2RXft
spotify:track:6tcx0Yf7NuS4IV643S2XCc
spotify:track:3emeYM8vzZe6j1pn1DkV5s
spotify:track:3Ga49hxXbZiHomiKDt7uXf
spotify:track:6J7PIkhtHwmFjPLq0SyuPj
spotify:track:6C6fHTuFUxVtJpBOOaMvJr
spotify:track:1mhVXWduD8ReDwusfaHNwU
spotify:track:0wzPHTgOtFIDhk2rD3Au4x
spotify:track:6BhkRrMSy8Skyf1mhxVJbI
spotify:track:3Tbl1VK4Z9ebavjXPTVAp8
spotify:track:1XdVTIt44WcjvrKqIlXMsL
spotify:track:7zZkPiqHnL7icGGb4Almf6
spotify:track:32hltEmNAG3Qb5JwHmGriv
spotify:track:4QUu6TJFb1kYxoBRMSKNWI
spotify:track:1gZADNt16Oh23jWyMYRk4p
spotify:track:3kgqHVqfiabABjaFi9Tnhn
spotify:track:323ujVhfSg16TlRK0PB5JY
spotify:track:4zxFmAlT6ovJIQKX21nIBF
spotify:track:4wyCALpKaHWSxfm01Q34h0
spotify:track:5uwkqYOMd4tdKFqCTiIAzK
spotify:track:442wI3Lf7WLlOLzGQCDloB
spotify:track:04yrPIF2Ix871gi8xmM45Z
spotify:track:5Bn2fo4Ri8ikJXmpiQBoL3
spotify:track:7pRcWov3NHxi0GDkKdbSb0
spotify:track:2uMMGgkTOBisJpzyvMzNWm
spotify:track:7yCw7WbWOIRYe7z2aRjAaA
spotify:track:3ebRmYrOYceH3NNowFoZVn
spotify:track:7JSdsfOoM8ueAuqPOrjc4T
spotify:track:2XSKbNkH4EeuvoOs8dliBH
spotify:track:6vy95NfrMeUfaXpaTm4O53
spotify:track:2UOAaxhSOWDgSaIWYeoaJk
spotify:track:2D5Dd3clzZGTv6H9mtAAQq
spotify:track:5WCuoYligCr05q99p5D50S
spotify:track:4hZ9MbRJoxzDhx5WJlnDIA
spotify:track:16BC19z3cSYJzIccJaNMh2
spotify:track:25kGNSv0yGXZKaC79xzrvg
spotify:track:06JvX7FobdW07Qa81nghOl
spotify:track:3rIMrI3HWjroWJTXM5bR0L
spotify:track:5puD5DykxLKhlNy3GckU6Z
spotify:track:4vcoNCrTtunmJ9q8srpVly
spotify:track:0Zg4tjgfqw9qzq7lXX2sUM
spotify:track:7GHqPV9RCRofSXh68htAkg
spotify:track:3pd68iZ0W9KKKRsxMu9zzD
spotify:track:0rRjGruFonCGOt0S5zAJNQ
spotify:track:3ApAsbQP7d5GlFwwdExaTY
spotify:track:1LPGwuFgIzbJoShfDdw7MY
spotify:track:5o4znEHwozOHIgHoWAllnr
spotify:track:63OC8cNa4ZnFB3bbvbWCOc
spotify:track:3Gq1Ib3ycJQfzg0U76Fk3P
spotify:track:57oC6D7niH4xmVYzDdW659
spotify:track:4XCpDE4pLTkkQ0kudqBLdS
spotify:track:4Q5pWw7uhQecE3lCdbuziA
spotify:track:3JMWvCKcINTWbtbSTGS1SW
spotify:track:5Ut5dDKfBUCMsWQbc3Lgyi
spotify:track:48KSlIKpiGGMiwmnTqumyg
spotify:track:37adYGaYaAWTGhBaOzX4Fh
spotify:track:6prvUr8l3t7x5GY7heQb5w
spotify:track:32zkKx35Et6A515oZKxDkD
spotify:track:5C5gvDZsl6d8bh89URfKHr
spotify:track:1gk3FhAV07q9Jg77UxnVjX
spotify:track:0lAPjXLZG9ZDXdgcF7mUCl
spotify:track:7jO2B8Xgfu7D9vj60XiG7Y
spotify:track:754wVXWrtf1X3ZHQOFFsnR
spotify:track:2WL8U3G3ExS0NiMLXeiQl0
spotify:track:36nxzIqDi7whBxGaTtj4Qp
spotify:track:3HGaAiNXw4Yoq2KlIhfsbo
spotify:track:4gB5Idv1iw8jgxyEvuwPVA
spotify:track:3naDDvqjwCTy6c1xZ1FV6d
spotify:track:6OyRpRa1xjDNriftwh1dZR
spotify:track:1DxaNpUujd8r0rSiv8uCFA
spotify:track:4O4Y5pZNd0kge9aw95OaYC
spotify:track:12Lemsk6c6ohm9afZxYUBz
spotify:track:41QEnBlGuGnos5no5qGKBy
spotify:track:5Jn3B5PcYtSvrLjZ0dvAI7
spotify:track:3NJwoC6yRLO6JJ4vaoFZ1h
spotify:track:4fGz81hlNLXwzO3L8GGaop
spotify:track:08Ar75Td2vFXnKv750IAsC
spotify:track:5SFMhTRSO8jL2PtamoO1Q7
spotify:track:2h2gvXmfvbvoeSh0fVSxFJ
spotify:track:50yu7irnU70om95tSfIWQu
spotify:track:74aoqh6npWQyk8WESs5T7W
spotify:track:7lT1dCz96jANsLAAADlfIg
spotify:track:4TvrfON5ksyNXQyrTArULi
spotify:track:1zvXaMQXna8N0dqIB1niAb
spotify:track:1Xi28qSSoARTXiqMwb8Srg
spotify:track:23cXUjkWflIKYaNhrO8Y7R
spotify:track:0BvV6bfJrzUgmT18lAgpeA
spotify:track:2zN61EH63mbszwsMY9CIzM
spotify:track:1eEPKr5gzWVSZKiMWIMZYa
spotify:track:3dDGmTHmzYpfZivVzd7W0d
spotify:track:6olUplztLFFfU7fMYmFXOP
spotify:track:3HooZZPp0evFShqaJ2Pwer
spotify:track:2NxIp9jbmsnaIiAExWOEo0
spotify:track:1a9qF8g8cctPiaLfJzxVK7
spotify:track:2ujbOwvdiH020TO5EucGiX
spotify:track:2g8HN35AnVGIk7B8yMucww
spotify:track:0IVAlb0cFCH1cQ974iR1TU
spotify:track:3gRlmtdCyNoKiyozn2pqc9
spotify:track:0d0jsoba88SpOoFxCxA2rZ
spotify:track:0AOvNRgl0SMfOibWA5bP8o
spotify:track:2P3SLxeQHPqh8qKB6gtJY2
spotify:track:2iOabFLR8n60Csj3kJ5s9C
spotify:track:6rkV9hz91Rr5iHnMRPZdEQ
spotify:track:0KdCQWpgpSEBkRwYqLknlU
spotify:track:5jh71jJ1DqXcbWEFsEq9tm
spotify:track:2M5ndhTi0zOIymTD4Ff1T8
spotify:track:4QRWA5UqYU1st9aO0UfxOj
spotify:track:5psz20rVFNRlt0u9cpzBpY
spotify:track:7Li7ff5lQ1gqvwbCdRXaQL
spotify:track:6bM3GKo47KVgvj3gHdWS0U
spotify:track:0KiKfllNTmhImvXVIHqR0z
spotify:track:6Jq1ECQ8bKy8favqanidGT
spotify:track:5IQQXe71ZEffQzl6Rzflbj
spotify:track:1bAZV1EBTRi9t1cVg75i8t
spotify:track:3tchJ8gDgMdaSxpaLxlr1F
spotify:track:4fpEuKIzTLmMJnYwFU0oqr
spotify:track:5I6y1KWmUoV5YCaIEcs1qs
spotify:track:4dl77NeP009biypEUuEs8u
spotify:track:4D0R0cPruef7gbtp91aFVT
spotify:track:161iDrAGFqkzeXSaxworBs
spotify:track:1rJi8cf8OWsrX4CqBnMSoQ
spotify:track:3cw3Z7mS55gd3NUjh4k0bL
spotify:track:1o6DclZHw0HomxXEQR1ijX
spotify:track:3vIlnG9R3WboUOC1Obs7SY
spotify:track:2cGxRwrMyEAp8dEbuZaVv6
spotify:track:7fYIXtdOUl8WqXAqQGyIHQ
spotify:track:0MyY4WcN7DIfbSmp5yej5z
spotify:track:3YlkEc9QQOAdMf4kecOA8b
spotify:track:1rIFZk9tTUtHP3vULR5wXe
spotify:track:7wJh3OpwJIvGG1COIkMoRf
spotify:track:7dUCFnaGSWLH6SdDP08NLP
spotify:track:3QxgOiZSkuyq7hALKV3fJa
spotify:track:0pNeVovbiZHkulpGeOx1Gj
spotify:track:42ocGQCOT0xYtV3f5kJDsD
spotify:track:0hKRSZhUGEhKU6aNSPBACZ
spotify:track:7nhrlsT1P4qsslp28UA1BI
spotify:track:71LsKf3xISiOlY1mj7FFPP
spotify:track:5FnpXVgDOk2sLT58qM22Of
spotify:track:4hP4z3L25Yw5IfByWxuAh8
spotify:track:1LeWIs2hP2r5yOQnVuYoI5
spotify:track:34b3a3Pz9Jlz0092LMyNAB
spotify:track:1jogl9f7HlgoN817JlwqgY
spotify:track:2SOT09giYc28fUo9ppjCpw
spotify:track:0rRsKefcq8XDwJTi8NgfsJ
spotify:track:1zucHJN4WKHIzSL4FyiJw9
spotify:track:1BTj47Up5m8601KOFrTvkj
spotify:track:30S46V7RcyGXUModoqW69b
spotify:track:4q6oNFTjZmJqkIgPdp8iR1
spotify:track:5mJbSgVBnJ4ayOjFdmyOdl
spotify:track:77vYTsHdAeVLtK6WbIasdI
spotify:track:4tXvknxwlwGbNGh56UaViK
spotify:track:4K3RZJ8sWPbv0IedcnEfw6
spotify:track:6Rt6KwuF7I8ZkdZG2G0bYr
spotify:track:7kHzCEc8CnqAIF1bLqXUXc
spotify:track:31s3BSh3KbiOcOLURdab8f
spotify:track:1ncyi9jONSUlG6X52gg8Ie
spotify:track:1ZauKI73tVXhuFl4DViobH
spotify:track:0AndYZax2SQzKa5ccDpF94
spotify:track:05XSpcg3nm0zpDHd36AZOs
spotify:track:76QLGx0NleOYqkDtL7HKIA
spotify:track:60UJGahPBdpBNPrlBRjd1n
spotify:track:3gVaOBlP4CaRqfUttZ4Avd
spotify:track:3UN6UkL6M0l8vfZS7OffZ6
spotify:track:43ZfXZ1rtlnIuhfwePQUwU
spotify:track:7LWjQer4JUbwmkewpjAcym
spotify:track:1yiuZ3DwD346J92DJh978w
spotify:track:66fKIbn90iaQZ0jEuurozt
spotify:track:2QVmiA93GVhWNTWQctyY1K
spotify:track:44jJCNW8frQLEWpYuAQz47
spotify:track:1U13SSgDOxK98L1FTWYrjQ
spotify:track:4M2t7bP4Mq87mGMn0PObUX
spotify:track:2cDCojn6uIBM6A5xTAbl3H
spotify:track:5vuJuBqwzHJgCA1ysRfwxZ
spotify:track:5ujh1I7NZH5agbwf7Hp8Hc
spotify:track:3q2v8QaTnHLveAQzR6gvYm
spotify:track:1wf4LnpdAhLaoI2WwYDKAE
spotify:track:2xTft6GEZeTyWNpdX94rkf
spotify:track:1MXx4iYWfTzUEeKo5ociWo
spotify:track:1Jg6QqHyG5elwvPGmA4WJX
spotify:track:08lWrEy2DwQlmTRqUY2jIb
spotify:track:5qWSWfdX6NciFEyn3Y2723
spotify:track:3dMC0mfXQYBygPLoLQIrt4
spotify:track:12bCgkFnyyTI8B1OmmRhbx
spotify:track:7nMLS5kmMmBLor18vtqBbZ
spotify:track:2EF0xu2mNDKQE8y2pyWL6P
spotify:track:2nmgtWcwcA0eyeReUp34aQ
spotify:track:3hU637WcAGM5ubSqeaTme5
spotify:track:2OBgZrayUVupeEtt1eu2V4
spotify:track:5puPIY11QYhuuQJ9T7vND0
spotify:track:5rwOE5J3Y1A2NiRa6y3Yph
spotify:track:4TTV7EcfroSLWzXRY6gLv6
spotify:track:6dr7ekfhlbquvsVY8D7gyk
spotify:track:4cxvludVmQxryrnx1m9FqL
spotify:track:0NJWhm3hUwIZSy5s0TGJ8q
spotify:track:71X7bPDljJHrmEGYCe7kQ8
spotify:track:2G9lekfCh83S0lt2yfffBz
spotify:track:6OG1S805gIrH5nAQbEOPY3
spotify:track:3nJYcY9yvKP8Oi2Ml8brXt
spotify:track:2yBMVrq96wb9OHbMdBs0lF
spotify:track:54Sc7mZQ1RM03STpk4SfaA
spotify:track:3dP0pLbg9OfVwssDjp9aT0
spotify:track:1CzeuSrm71wHP9qsjg7p3F
spotify:track:7EqpEBPOohgk7NnKvBGFWo
spotify:track:27MB0qHaYAZiTlwg25js1Y
spotify:track:3lXyAQ0kekAvY5LodpWmUs
spotify:track:6p7jXaTJdpzGWnOJoK2jYr
spotify:track:6oF8ueLn5hIl4PRp17sxW6
spotify:track:7m9XR7FquXLP1FewdAcNS9
spotify:track:1mGO8rwCE9zk7H06OxcU5m
spotify:track:733tju3KUeatsbjcTRQ04i
spotify:track:3D4J0o9w44QKFrBrYrSVJY
spotify:track:2sEq2rC3ynYsT49x7utWnd
spotify:track:7qfoq1JFKBUEIvhqOHzuqX
spotify:track:2W9u3whoCkQYOUbmnSrHi1
spotify:track:3TfKt8mPpdXfQTMfRjHzyz
spotify:track:2qFIJT5hjqaNFA1GKwl9me
spotify:track:3s9itRgJYcKhem01P17865
spotify:track:2TK2KSrzXD6W01qjXVjNGh
spotify:track:05bhmaAD1urZnQMWNd6p3S
spotify:track:6KRHMYPIWRgFWlXPgqO2Fp
spotify:track:1WHNqqRWhJVZIdCScFKtl5
spotify:track:0Iys022UwQ8xBfxE1g4nWZ
spotify:track:4eeN8erNIbW2osT0knz5vT
spotify:track:68Ijc4fPmT3P5BN6Vrl2s2
spotify:track:1DLfR4MOfLYbV6v3xrmWa8
spotify:track:16sNPUamj4vnA7uQLozRpU
spotify:track:7D1Lf7N7AtCuEq5PGJtIPz
spotify:track:4B3qvzOMzLQXLeYgPsG3KA
spotify:track:6lsFGDo1IEEPFKh94c9kFe
spotify:track:2ydKgIVZAQXeYLWtxU8DFS
spotify:track:40LYL1Z6xgCn5cBybo5K0D
spotify:track:0LpHC9mhPAQC98IjXZIrif
spotify:track:6SHI6STEW51cQkAXBRpLNj
spotify:track:6N8JJprbntFtjwBEtF6htn
spotify:track:5K7gayhe40Jdckjo20XmfB
spotify:track:4MldZQVshwaVqyCOf24V15
spotify:track:7iKuRuJYVO6Hwg3zLHuwj2
spotify:track:6a8UMtk228DPvD8DZhF1gv
spotify:track:5sOn8W5DNc8VZfm6Qhb8lT
spotify:track:6ljAS9pHGbpc2gjmE10sk0
spotify:track:65OReMLnQBxzUyca12BreO
spotify:track:1yaRTkXE2bF3bJlnh88pgt
spotify:track:0vagXdrNyq0ARMceiIbSgq
spotify:track:60pHETtVZP4hddnCg1sKpb
spotify:track:7kBGKwWV5RTcUv2oSLZjCV
spotify:track:2HbKqm4o0w5wEeEFXm2sD4
spotify:track:4yW7QSPNMZ5u3meBd6WyX3
spotify:track:6BMGNCRJnwuwp3UVVCXry8
spotify:track:7kLKwNbyZU9jCXjDMfHYMz
spotify:track:023qVHE6uoa9vfMqMrJArH
spotify:track:1KadUq1DqFWNFDxcCiFclY
spotify:track:0bgYUbheUwHHCestw8Q3ut
spotify:track:4EoZFKGB8KwueYtpNULOoC
spotify:track:1i4tsJDpJZWUXHV5r0ohiQ
spotify:track:29Znt9AbEH9FSsw86zPAYT
spotify:track:4SqQsyCaDBagPvLLJ5NDZr
spotify:track:7Fyz5LHEYz8T6Ab8DpVXVw
spotify:track:12OkZyDWNBLUqoReoseGrc
spotify:track:6Wzv2Gig9KZ4sPekZWqDJK
spotify:track:2HDnit40eeoI02SIHt3L4z
spotify:track:2T0IDR5XV48k0wqsLYQFWb
spotify:track:4kRLPVbLhgJPGB4skGkNCu
spotify:track:3rpeQHh64aEd2KQyetRozW
spotify:track:6uKQAnBpHECI03Y9Vlfkid
spotify:track:2RD1r9eKDTRs6hiN9RR9UC
spotify:track:6QvxTX9zvo4u7XhP9vOP3n
spotify:track:0ECs7wpW9157Tk5yBUGbE0
spotify:track:2KxIMZDazuXN3yvPC6Kqwn
spotify:track:7I6YpuvNg6mEzUmvpxY5ro
spotify:track:0VLYOGNIaiOxEHKWOctcA4
spotify:track:6nX6a7XFWRPMfaBea5WIxl
spotify:track:3EyGPeNd6Y8ZMUcZQR1BvG
spotify:track:1EHsO7f4ZKZ2R0meb4cCN3
spotify:track:7sDBRjF4XyyrtMYrztpKiM
spotify:track:2KhIHahkxbzkZho3C3ye2E
spotify:track:7xJXnaaEByBLPUPlqne2Wb
spotify:track:4tQQ5NSnFrZXTb8BoMclIA
spotify:track:7EsSVPxaYoAZjQwhspJBs2
spotify:track:33xDBTOTom8B0S6Qyen8eJ
spotify:track:3R9DT2f92x7agNiudqS9PL
spotify:track:5dRZYu5DSLHjXxL9bFI8AL
spotify:track:705u4LfXcTBuDOB8UCy0A7
spotify:track:1dZutYKh4BtPlxbC81wV34
spotify:track:5iRQEhg4tG6gI53bVwT3bA
spotify:track:4UOb2PucyjHBbdP7mTepz7
spotify:track:0SzvtL65Itcs1wZrQI7hf6
spotify:track:3up0UpcpmU5dzPppIwmqXm
spotify:track:1HQ8OCn1O9wokDSVpACK6M
spotify:track:2MSKUCw4Tx5HRN8sMhmbUx
spotify:track:6rpi77GqamZNoltbZ5ksdi
spotify:track:6jvqaaUtBmcnxQnf5XKzFo
spotify:track:3720k9XGitS6jDcBi1muK7
spotify:track:3QOy6DVn16rPqk9Jx6xEm5
spotify:track:7ADcBtMDWTDWAUyR3IFquc
spotify:track:1pWlq7Dmg9ynMst52Ze7do
spotify:track:3xeWJVlEuvyVFbKLCDn9HP
spotify:track:0cfw2bkaK2Zhrl3ay0tdXh
spotify:track:5mxuUAN2nrcd4rcCgcNrxE
spotify:track:6INkl2YUm4eqUfeNn4apIm
spotify:track:0A5ipZHQGAV17MtORYY4RL
spotify:track:7v3li29qtJmvolhKbCqjaM
spotify:track:4a3PcBDodNeWJtR8j6ry85
spotify:track:3sENJTgxzhUh88oWdWGBP3
spotify:track:2oDgtJXYaWNHX4nCfyNd8z
spotify:track:2vVjaxtNw7dFCvBSI7iqJd
spotify:track:2nKdczNl3KaeFqbEpe2Lrb
spotify:track:2Fj3MfJEQSoIgJr4uNZOJp
spotify:track:6YpM23cWn8NB7oin83QbQQ
spotify:track:2x7H4djW0LiFf1C1wzUDo9
spotify:track:5e5hRYVA6SatSjvDiq9WXs
spotify:track:3JYZ2dvQzXREzBynmZY9Ma
spotify:track:2s22y5MhEK8Vr8yQ8o3o3J
spotify:track:2326UbALyWJSMaP5RnJ2vZ
spotify:track:2LiWNkeUOAeibGxJKxmjsD
spotify:track:0Byk7bLRoPwq9AHP6h6pxe
spotify:track:34oRN9NqGLPCrnC7SGrLZa
spotify:track:2JQ9wMmURQMY5ysth04rHO
spotify:track:4VNWVzVj6QnNwasZBjPGdu
spotify:track:5LQecKwQNqdf2uKdrJN04v
spotify:track:0P09TBGSKiQwfUsEh1UafT
spotify:track:7fe7qXjvlXDUs8HiPRSnbw
spotify:track:6ykfYOROsix43qIlcxz3vV
spotify:track:23CjyKdbwMQJ8At4qBcAHf
spotify:track:1V7fOHz3Vjh1kgRYm5uum2
spotify:track:6R98zPyOZVEYdr6qvgH3X3
spotify:track:1zuPrkzdagicHTMC78LejJ
spotify:track:1OMYrpMUBFYkDsJ4Ct1QQi
spotify:track:4yeDOB8Sbm76PDq2fZtdZ8
spotify:track:4IlR2mAkM5sVJwziBkp8I7
spotify:track:2PC4u8Efku4nsjSKarPoqS
spotify:track:0EtPUr6HSfHdPFIDcLiaAy
spotify:track:2KDyXlyLk3oSS1KBcfWqoD
spotify:track:0MEnjivzhdSJADlcg70Wx0
spotify:track:5dZH6HpEvL6l0NGyuTto2m
spotify:track:23k8BFyIYmz97dwkJ6zPPg
spotify:track:76EQ2I6LSMlcnX4Ynpl8ux
spotify:track:2XED2BG4Qt5brGCn6bhbPL
spotify:track:2ELmAQA6bsEqv7HzFeFZm7
spotify:track:3X0fBUr0jUWOugmo6rGko3
spotify:track:16vzWdp0ALgL1VUVdE18UC
spotify:track:70We9AqHenA4jcmXmKzJnZ
spotify:track:07nA7gafu75RjIkAUxtjjr
spotify:track:7Bo0xLcXWx3pdhqwthqGaz
spotify:track:0301nLjG0ti26rx5ZmfqtP
spotify:track:78D4hh4kK0jBTzfvr8tcJX
spotify:track:4uC0YChET9wxPDrzypaE8Q
spotify:track:2tgfOOprFsv2XAEoNngTJe
spotify:track:4ClVhgWezpuyGhACLGBkEA
spotify:track:7czBowBlDbSw4wvCxmY41P
spotify:track:4OJ4OittZx2IJ2whZLaOt6
spotify:track:6Sfh7nhAXvnTdlwBPjTOQF
spotify:track:5zkLEeNpJzyXW2CIdUWfKY
spotify:track:0bD1RgTZYVdLkK6AzwBJkB
spotify:track:75BaaPgs0joMLIyltpA8Cl
spotify:track:5uZLsGY9fknBd5Rxr7AIss
spotify:track:0HMunXCom9jsXtj2lAC9aX
spotify:track:4cmw0GxkZKLJpWa5XXf3bQ
spotify:track:2yRLRPQj8D0x4ymGzMwQI3
spotify:track:0tUb9gLtHyTzzycyNzr9Uh
spotify:track:7uyU6PfAja8DJSYRHhVwK2
spotify:track:4ak88IXpbDhneanxh8LDco
spotify:track:0bcCgRudYZ4kiOHZNZfqxU
spotify:track:7yQDLdub1VuUUwbpteUX7w
spotify:track:7ALEBJ8LOQqXVJ2tqnXtoH
spotify:track:51ri5k3DG3HSm85YcOJ0XF
spotify:track:7ccI9cStQbQdystvc6TvxD
spotify:track:11CeyEFt21BvAICfd4U8FA
spotify:track:4njseCGxWeZUksjhrqkleT
spotify:track:0yNm3ptVO99DQKuHlIbUXo
spotify:track:46ttkZIOCxnJcdG3rcudhJ
spotify:track:4WePk0mCURhm9EcREwuKcU
spotify:track:1xOv6X3zCOXbymLjg3clzH
spotify:track:005GysoS5B8WH372VBNAmT
spotify:track:4IUuE6MgvdNEfhuunr0mmC
spotify:track:1EFH9Ji7ju3cOD22gd12uB
spotify:track:0Jxzv6jekJZjDqNjH73gDs
spotify:track:1TFF6AucLnKTWSYRB0CmKZ
spotify:track:2zFpVzIu0glyA45nbgOOi9
spotify:track:3sxg1KyjeuFxrH6ZafTQzp
spotify:track:3pjoafi0X1QnfU9d2VVSvL
spotify:track:2e5pnrZoNOmkXrZVPzDSF5
spotify:track:2c8sgbZoEanC3QyFNZxUcA
spotify:track:7cC7OY63kL2GcypCYTCFHy
spotify:track:4wsXMEZPUzrdWiTfx00kQc
spotify:track:1wAPs5hPWB62VrZvvMlJ5t
spotify:track:0P85ffuKkKlhv87kyoHL1E
spotify:track:659GX22CEUKXcpHuyZYanV
spotify:track:5w73aw9sMUt6M58hMTf0sc
spotify:track:3YuAjBnZwmrpW4xpDTPihg
spotify:track:7qqrY1OIAB7eyt8yF0njAk
spotify:track:22WTAwgDqzFyph8PalOv8t
spotify:track:7fcV5aYRLfMyT7ArrIKYbL
spotify:track:2qxsoW6C994iN1ZH5FJ7KH
spotify:track:1h1TMGBEhvrDqsytfeLNHS
spotify:track:35LfoUFziBSelNc0SX3A1q
spotify:track:00IyV1WO6t8pAW4SrJvJfK
spotify:track:07EVxe0qrLEQmsu3wnLDri
spotify:track:03D9g1cIwOUDWu99AQRG0y
spotify:track:5V5XZ6fCqmn9qg8oCGZpHk
spotify:track:4fY2eDSCMYh8hX0qX7uJGR
spotify:track:3hQTsMv896mR4uY6nsKDLb
spotify:track:2UWT4HvF4MdiAsVZWokwYT
spotify:track:0NXsVV6adRXxhvmayVROMH
spotify:track:5jdPYm9rc4JjWeSTK4DlsX
spotify:track:22DDcX6Cx7CbkFZdTx24Qs
spotify:track:27tIkSUMco0pg6c0837QS8
spotify:track:5GUPP6mpy1LgMdz7wLPgmv
spotify:track:2CB4gM9asSvCLoxeqZj00U
spotify:track:2086jjrOGGaBUr3LG5fZns
spotify:track:03sEEzFv7vnD54KRwU47Ue
spotify:track:08JbfuVsLi0mw2HMAPmnjI
spotify:track:3b5bhLcyRXRgPgjblW31ds
spotify:track:3FDhfKLu9mV5RoRQXR5Fj3
spotify:track:7tzhzmmTUG8h0hJhpo4wGU
spotify:track:568x5AeiyXQ3v6vnzHT6xN
spotify:track:6zeGrGo9LKCSVl1xeKv1ar
spotify:track:2IY7eOUDjw2ArKYxKa2jXc
spotify:track:7xqANDRz8JFxkwfY65WISy
spotify:track:0AcgKF7kbSoCkh3n7vlHwK
spotify:track:2gSNBigeWMVtY3QBIvPAEc
spotify:track:3BovdzfaX4jb5KFQwoPfAw
spotify:track:2LlQb7Uoj1kKyGhlkBf9aC
spotify:track:1CgmY8fVN7kstVDZmsdM5k
spotify:track:07L1pzoVerhRSSaDGZHrKy
spotify:track:7J1uxwnxfQLu4APicE5Rnj
spotify:track:5ChkMS8OtdzJeqyybCc9R5
spotify:track:48td6xvpokdYwvbl3JIiXP
spotify:track:1OOtq8tRnDM8kG2gqUPjAj
spotify:track:2u2udGmop1z67EPpr91km7
spotify:track:5T7ywazdGIydr6JCW6t02j
spotify:track:2kulOHR2XY6YDZCWXb38hn
spotify:track:3bMveJpCPytU79V5A61Bb7
spotify:track:1diEQsD8PJC9hXB5Gpfgtn
spotify:track:3S2R0EVwBSAVMd5UMgKTL0
spotify:track:5v501hmUMvbHPKa7qm0MGD
spotify:track:5DO1SazQppcsKQ1c1JpyQz
spotify:track:3xnAzzr9gNrLTXNUjqPMpm
spotify:track:0hNhlwnzMLzZSlKGDCuHOo
spotify:track:0pZidQVIsxakpJCqmYIdE7
spotify:track:6DK9RTJx8xXnfWLDxcro42
spotify:track:4bU724iUk0RVaEdz6jreVX
spotify:track:7s5UpEtsbTnIwhRNw5G2sK
spotify:track:6N2kBsYvZaS7tO5awPcnSV
spotify:track:2piVjJGJ8CQoX6eKH53A5T
spotify:track:6eNYsU7sfgxQHTvILQxbce
spotify:track:73sQRrwj3bBGlF1Nlh88L2
spotify:track:76IMvBzslOpGJzeg03eLKT
spotify:track:7ExueuGcUeZ3MGyndkDN8f
spotify:track:6rMUrMdLt6fwbz70twTyEI
spotify:track:3VyALBuIRYjcWXa33BwBNk
spotify:track:7dCbep5IxEQRDqSIkfou5P
spotify:track:5qDSBiPNtcT5Oh8UVKXBC8
spotify:track:74cAO8aEynzhih6HustOR6
spotify:track:4fn5F0vfolwda340xK1M37
spotify:track:2BVn77IOemXrZMC3azN431
spotify:track:7ubJ0x5sIpoZaPnXGc49kl
spotify:track:3xS0R9cCvwCs4PujObM0Gc
spotify:track:72kv4VoLJBGB2HZUXKGbpt
spotify:track:1mmOstoAPHnJ4inSEqY7ZP
spotify:track:5bPjleBV2VtjRnc0ogJ5ib
spotify:track:1Ulk1RYwszH5PliccyN5pF
spotify:track:6ijkogEt87TOoFEUdTpYxD
spotify:track:0Gja6nrmHk2jrt4SIzAEaH
spotify:track:3ZmfQ2IEQ3neV99k6WwymF
spotify:track:4RmyIV65iFtAYtappFGFX9
spotify:track:6dHatCnuOb1TdBIeJTK3Y0
spotify:track:36jSYX897AjFoqcmosvXRf
spotify:track:4dSikVWNoAYuQZtAQOa69R
spotify:track:6G8qV1dbYaBUh1TttPZHj4
spotify:track:64AH1uL0vz8PitgBCnwyRH
spotify:track:2zmdUgCBFFMJTjdkuP6JeJ
spotify:track:0QKy5exHVGABJytYVtqUk2
spotify:track:2vcCKnhhGF0YnhBqgCBtC8
spotify:track:3WUpCDuwDnwTTkcnikXzH7
spotify:track:65oAREtlOE9qrAiJ3rM9b5
spotify:track:25IDpfUhpSlX2Lph7kl1Y4
spotify:track:5EZceOJRK3pfGp1uEbRsfk
spotify:track:7MPSPxCd6aiGZwN0ro0ZSH
spotify:track:3KkeIUcjDxOZ8xha1jw3cp
spotify:track:6biIvgXAdWNN4grVxHLga2
spotify:track:0fCWGSfnXMAanBsFkvdzJC
spotify:track:0POIckpJtVYttAJ5wTrxPC
spotify:track:7JboDl7gx0IvudIQvO0H8k
spotify:track:7A4hqvmo5w1NxALmNWSIsU
spotify:track:2MAaiV0bbeq4FpSwPe2rR8
spotify:track:4MdEYuoGhG2RTG3erOiu2H
spotify:track:6MDLO5bi8mGexqSwF9KmpH
spotify:track:1HueUI7zrnVukIJAAjBBeh
spotify:track:65k0neADpfqCpec7EGaMZm
spotify:track:1rv6n0m0RwMTAdQeMquLgM
spotify:track:1TeVeYATRojNVCH7q1APiv
spotify:track:0jBPITJzJTW4rFQqyyEnpA
spotify:track:22qUrdPuyxvhQMCPNfd1Bj
spotify:track:1StpNFBn01BsdbSXbA2VrI
spotify:track:4iJ9hqYAkCr0dhJiL9K0nw
spotify:track:3IJLF4AJFL6hBlCbdwL8UQ
spotify:track:6HSeNPeavo1BQwaQ2yzWpR
spotify:track:6b7z3keZ5gDJ2zBnyrke9P
spotify:track:1BIZXYxk5ACcNibwCH5MXw
spotify:track:3GJ8YhL2EJBosIzHPiC448
spotify:track:5weLxP21Sgror3i7Y6LnR6
spotify:track:6GAemDMWAXa8wZOBkO1gar
spotify:track:6CCIqr8xROr3jTnXf4GI3B
spotify:track:758mQT4zzlvBhy9PvNePwC
spotify:track:7gvJadQt9vhgVHG7O1L2sc
spotify:track:0wmY92RjMZNGu54vEUmcUT
spotify:track:5jNrszQHRIVKmS9Ptb63pe
spotify:track:79eDnbSBUXoSaoRPqUhTur
spotify:track:6MoD2VI0wW0DB25zgikw6j
spotify:track:0e9PfKPIf2UH3njMqAXI8S
spotify:track:5kC3aAeAh0RNAn7D6JMU94
spotify:track:7KKW3MSfqCCai76gKSZEco
spotify:track:4zGvb8hxGLB2jEPRFiRRqw
spotify:track:5imUTBF35uIoABlV9g9da2
spotify:track:5HWsYNN3hWFBY2Ej47vKat
spotify:track:5uywMR3hTeVPoWaFDSliJb
spotify:track:7vawX5UUVTXIBs05hz3JqN
spotify:track:5hc71nKsUgtwQ3z52KEKQk
spotify:track:3RtzduBahvqsEWTKl1p8PK
spotify:track:2C8Xjk2DrEywKBfBb7ITZK
spotify:track:0d2rdbsuhInFDSYnYj1vMV
spotify:track:51cd3bzVmLAjlnsSZn4ecW
spotify:track:5X4b5yuoihfPbZMzSOhg8M
spotify:track:2AmuRAHUBRS6zotI6YBpwD
spotify:track:2JGSZk5y65ZF79mtDz0o9r
spotify:track:4LQmmqSRjSYb4azYuALkwu
spotify:track:5hAiO9wMCuZY2Sl6cYjstJ
spotify:track:60YOZLX27AeCCyiDyTQE9K
spotify:track:1Z2gjc2l6JaxeFq2se0rh7
spotify:track:5jxY2Iol8RF3BtfmjTLxWs
spotify:track:71cUqXJ3h1r0Ees6YdENLU
spotify:track:2f5l2vw6KZXb6cbE0nl0pb
spotify:track:5KeyVNymqfqac1wLDseK8v
spotify:track:5ztIbvMXUqyVyQ6Fyvi4Cr
spotify:track:3lB0GMiI5KxDbTOG8V3bOx
spotify:track:7jWIolCo1nHYaAmOvFH0Lo
spotify:track:2NRRrr8ylDK38KD3Ffbw4K
spotify:track:7pHz9U4AZVAQXjs6ik0duH
spotify:track:0e9kNyQTDcmkGEQ0bT3t8W
spotify:track:1CJz0q1JhAnSJCF2DnqTrG
spotify:track:6L2Eoo8Dzx60hARXy7TCic
spotify:track:58F6iKkYdIccktJ8i8BuQQ
spotify:track:4ZLkFtuDGGbPP4XEsx593Y
spotify:track:4P6n0udLAnmCNXVcobYbsK
spotify:track:3FCmZ3ONp13Wn083Fl2K3H
spotify:track:4i13Vno2UPtn6kp2Ge9N2J
spotify:track:6Nt2Su1bBdVcmxSDQO9peo
spotify:track:6M9vW8RKQTxj50QxHhPRGe
spotify:track:1idZSAVHfLPQq9tDTYhnIA
spotify:track:204974mkLcxFNtq6EXLsJx
spotify:track:3mmpZj6q3WkP8eOrovDvNV
spotify:track:5ykbOijJEfRhuo2Td1m0Qd
spotify:track:4ZcGbQ5dOKX6rJk4yvza9R
spotify:track:1x7mSgmTRbbRu3lRX6gm8o
spotify:track:1rcu88dzWE5GyqtpuWvd0C
spotify:track:6lVbUM8JxdpcS4DaXT2PZz
spotify:track:5i27Lds2wfD02fwnZoFZZs
spotify:track:0X3JhgHUg1zNEKGD4N3OWQ
spotify:track:0GOauBCzcUfls1fE9Zcj8t
spotify:track:1TO3lTPLvp35VnrqCqYsmR
spotify:track:0GmhAVyyHwaX6jfCbPmaoB
spotify:track:4tEaytMs86hIaOSsiGoLcP
spotify:track:4HfxDJ0uLHTLe0fZrx0MbQ
spotify:track:2ZCwz8omYluRWa9QyznFAy
spotify:track:4oh0d3stA4IVladYDptfyL
spotify:track:7AgMX97ljLm9BzszyyXEYZ
spotify:track:1HJ67cap8FLRHZ10oAXiOM
spotify:track:5XhACsKjolP8pjPPgPT1zW
spotify:track:1ora7jNRx7tv7yjANfGu1u
spotify:track:5ldZW5Xnp724n9lG7NmmFt
spotify:track:6VoIBz0VhCyz7OdEoRYDiA
spotify:track:2mPMFJvQ0v27gVqe5b6nDn
spotify:track:2nPbaSpFUU1bzPyrAChAOV
spotify:track:2LxBYy1FnBAIhuLmTeof1d
spotify:track:61fEClw4oJnINAmWCe016r
spotify:track:4C0rGNpTIPTCVRiT4XKYMa
spotify:track:7irbGDuFQ1kzimoztuDkRp
spotify:track:17eJJpSWm9JWl4wYmbwixM
spotify:track:25m01aAzJ7UODy7d6vJBNM
spotify:track:5u3FBcCQeSWPCkDzdhnJ5q
spotify:track:2LYdaAjGd0MIZmxadbPbTA
spotify:track:0SRgVYcDYttX5Huc5FGB2M
spotify:track:5gl1ddkGpV4xGQxtyWX6rt
spotify:track:1xPqpPKQS43f5264du2Nyp
spotify:track:0U67SXgCQ4UIDB28zQwAJM
spotify:track:4oXvjsFTh7CP9MmHIqnMup
spotify:track:0rou7gAqutElM64WxIro5L
spotify:track:26q6YTrXt9l8qshIveiTX9
spotify:track:5p3JunprHCxClJjOmcLV8G
spotify:track:1yRidZ91kJvW7gDwmWnJjv
spotify:track:5GOgP54cAu4OKpgRhpqJMH
spotify:track:7zSIhSgfa9x8xJw69Xnnfu
spotify:track:0cdXG7PwSUOv19gF6dMv5n
spotify:track:4dVJyyeCPEONr44NIrXvie
spotify:track:4Mr73gFwZUeFnrfRov23we
spotify:track:1py4qzrEEkOvU8uTHYLuOW
spotify:track:4s2BWgnSQ9NZiOQM4PP4HB
spotify:track:1dZle4bLcuVsfeZS60lp50
spotify:track:6FBPOJLxUZEair6x4kLDhf
spotify:track:4tmwiN9YU7xMjh2hoqcVuI
spotify:track:42dsZPU7TQeqCCPW1ZLooB
spotify:track:4nkRk3BRQaW941xxtZVBew
spotify:track:4iq3zHwgHSxstFvYw4yIsQ
spotify:track:6IlQTriFgUeEbVx3Y10sia
spotify:track:3lWCa9e0KhDghboM5L9C6d
spotify:track:4iEWnkDewJ72copeODWuOw
spotify:track:51dXFarmGXwJI75jxJaKyf
spotify:track:7wuE64ohnAThVcrUEyo0sV
spotify:track:0lAveUGBd27UoLnhbnSzgG
spotify:track:1aA6xdz9RguXCH0aylKHL7
spotify:track:56El1ZJMinSb9SgxuxRDQj
spotify:track:2f6lhIMyPRh1oiMoxtq1ls
spotify:track:36t0emCHcEMKuvdq9N1Lod
spotify:track:5Y7hlVukaPuwUcahIzAzkl
spotify:track:4Nl0mcNhE8M2qn71yJjwJA
spotify:track:3Kp8EUf583LozpfteIgrJD
spotify:track:2GQStvWn2DHMUHv4nzOlw8
spotify:track:1MJeTp316OwWichf3CqWFX
spotify:track:6FNaIh3uWIFQ4aOaM4B8HP
spotify:track:79zxM1vzggB7ySfgMfDfSI
spotify:track:5DxF534IkYlHggb8oyTyEI
spotify:track:3ROmYjCVAJeoqi5ozYFi6J
spotify:track:3FbMHj3mEEwp4hjpVJmnxt
spotify:track:39KVMeXMLYpHki96V0Lwrd
spotify:track:3Z3pDk0enWeBASVyaUW5tD
spotify:track:0TYr9MCVKZzAmoz09OboEv
spotify:track:3HRWUA7jZHMbxcb5ik9SAO
spotify:track:3uLZV3Wz4B64VVvddUplFp
spotify:track:5Ext9ObPEi7wIcv5AiQWJy
spotify:track:6TVs7Lap6ZcrpZk1xfOgtv
spotify:track:5oK98mpTJSU0iqLHN1hZ3y
spotify:track:1LfWibYjk0TD8YNPtzym9A
spotify:track:4cawaZVzboa3UYqgR4kalj
spotify:track:4fbvXwMTXPWaFyaMWUm9CR
spotify:track:6l8EbYRtQMgKOyc1gcDHF9
spotify:track:2lwZAQCYA2nasWJ8lSaoiU
spotify:track:1AzeAFuWse1gU8wP2q00eO
spotify:track:2LLXGczuwfZvSpIU3C2JDc
spotify:track:2s5xuSqik4epSw9avTrIfA
spotify:track:5J7InAagzrHCzoDYYlGFWK
spotify:track:4uGJVr61OZDzTCN6qB511R
spotify:track:5hLypT28HmNp6iDOrIaugY
spotify:track:0dNNBE06iTvC5Uoq48T4qe
spotify:track:56dASO2isMvaighfHFYmgz
spotify:track:0PEhW18xo3U8hHWgH4Fc17
spotify:track:5wFykSRCFFPURDn2LbE8V1
spotify:track:3wGuPbH1dWmNyIlMLn8e4M
spotify:track:7ovl55HxJ3wyN3o2Iku53e
spotify:track:7n7Ova6YQc6HEfF2KM4Hov
spotify:track:6VD93g1xStRLk5TWJk4eAj
spotify:track:0tK9c4PJjQXeZ1lHKEtcME
spotify:track:6LLsENjsAeu99G6sxPddxr
spotify:track:1ONC00cKNdFgKiATMtcxEc
spotify:track:2nKQlnufWTMTy2WdyAihC5
spotify:track:3nDeSr23cJwSvf4kpK4m1F
spotify:track:64xjKP101QWC93cZ3mdmVu
spotify:track:6jq8ZyESRwqikXuY6DWsxA
spotify:track:3Yegw4kXcio6ffFdyK8zcC
spotify:track:2ViEnnYXmb3Bm0s7XdqWdY
spotify:track:4H12MhrikvAMbXMTctktoZ
spotify:track:6FIRRhbW8GuVkjQo7rkbhA
spotify:track:0py51bvhagjhxM0myklYTP
spotify:track:27I6kc9iLus0wCTFwmB8fD
spotify:track:1zyGFId8xHOcRmCmehrwlc
spotify:track:6Vk3MMnpioe9MYvoQUgjew
spotify:track:302sth2ekZk0Jx3muBGIC8
spotify:track:3YelntUJuFb94u4VDS4EPc
spotify:track:2cmRpmO04TLaKPzmAzySYZ
spotify:track:73mlvsfJM2qwlDUJxeaatI
spotify:track:5rAff9XfcWx7rguN3t0fkW
spotify:track:2Yc6wYeuATDEEdiCZwr9sB
spotify:track:5TwRJnO8DCgRMGzh2U2T5A
spotify:track:2gFvRmQiWg9fN9i74Q0aiw
spotify:track:2GjI5YoSy6f9HCQGKNjk4K
spotify:track:7rPecxfCG6AcgucZDDb60E
spotify:track:29s2MfQZ0y1xak1OKLR93Z
spotify:track:5NYNRXGdJ89qrfDFOx9uxQ
spotify:track:1g4JDTzYRpgqByZ9glmbrV
spotify:track:5tyHScf70ZrpT07GXM0xrh
spotify:track:7KveNlgd5LGP68sQ85SDYD
spotify:track:4CsCHQowkPIz5TUuPy0P0C
spotify:track:1Wdx14cC9yOC7eMa8Rl8x1
spotify:track:4qiOmjyVNiMmwy2zosMpZo
spotify:track:7pHlPNICa5IZKS8z5CUX7B
spotify:track:4aeeCpqf5hikdGnzwH8q0m
spotify:track:11oLP26oD9bc5G9CtvO92s
spotify:track:45FM0aMj6koBURialQ7Kel
spotify:track:3gATNBVu8d7oWs9WijPDjD
spotify:track:5EpdvRM97d8JBlvCz1V6gM
spotify:track:1ZyjmRCQy5J11z5gqywVvP
spotify:track:0GAE689kVy7sFT2QWZH1Xa
spotify:track:7DfFc7a6Rwfi3YQMRbDMau
spotify:track:6jypaMkKsoc5npsVzxhksl
spotify:track:1HwbgJAU9PZ7YbzKgVgoIF
spotify:track:6MEDfjHxnVNcYmHe3mM6L2
spotify:track:3iW3y326xuRpNVXzOMBZy5
spotify:track:0725YWm6Z0TpZ6wrNk64Eb
spotify:track:2ohegz9maxzroKBu9YhcCM
spotify:track:5lcyIeEfwZTs8Ajw3kdF7P
spotify:track:4QhWbupniDd44EDtnh2bFJ
spotify:track:4sc2HuZ5ATXlX7WhnXuo0h
spotify:track:4r13PlX7hKjNxdyq5ukR5A
spotify:track:4DcrZLp19qTdBYqc2bgj3V
spotify:track:6GmEAxNBMbuCOr36lBk19Q
spotify:track:3sz1Ixt7r4VauZVWU5FQOm
spotify:track:6lxHFwzlgb6MOm6SQdy6ts
spotify:track:704ee0WS20DNv1ZrG2UQpm
spotify:track:4gQdwwPXSXnDkUh4jYqLoC
spotify:track:5Xd8DxeYKZHYNgQdignYCI
spotify:track:6wNeKPXF0RDKyvfKfri5hf
spotify:track:5nHTLEJ10zaqdnKqLriah4
spotify:track:3NDPcoeno6oasqi6Hs75Ax
spotify:track:3EGW6TGGbdk6Ys1Y3HU3lj
spotify:track:3u1FiuSpfsgVnekEMXgMwJ
spotify:track:5G9qKplB5e4lIpSncwKWVE
spotify:track:360Wr96ywrCQq4kTAJ8Pq6
spotify:track:5gWtkdgdyt5bZt9i6n3Kqd
spotify:track:4DpNNXFMMxQEKl7r0ykkWA
spotify:track:5H3TCfiw0CQTX1XU7A9TXM
spotify:track:0PH9AxRz8L7koq9CfrWP5m
spotify:track:1taY3X7Ifq1989d6eI3raI
spotify:track:65w4HtfZY75E0rvCPmF4J5
spotify:track:1UWAdy5pkIRMaWWVUAELIA
spotify:track:0hR9z6ZW4syDhPvtZJXmcv
spotify:track:1L6YNFDSQa8UjX7vzPXXD4
spotify:track:5PQmSHzWnlgG4EBuIqjac2
spotify:track:7KwZNVEaqikRSBSpyhXK2j
spotify:track:3Yh64aiu2ANBwDFztyPDkT
spotify:track:61rjspU9Rmf2NdrSmkVv0v
spotify:track:5zwz05jkQVT68CjUpPwFZe
spotify:track:4TIaZQlv6wM07hTc3uHSVV
spotify:track:5LtREUYeLTMxZ87hmjFNVO
spotify:track:2Ih217RCGAmyQR68Nn7Cqo
spotify:track:3gKwVWwKmeuFtPubICbOGc
spotify:track:6UOVW8PdBd2evyOcTHM87c
spotify:track:1RGerWTbf23BfUICm6JO90
spotify:track:0SwuCcwpFM6x4cu5zOvmi0
spotify:track:1Z4mVNtYGnpjHUoZVo3IMU
spotify:track:275i10hY9lXdmrTTTkZeS0
spotify:track:7k3sn5TIQ3qRVJ8FPTG9kx
spotify:track:3Yxmpx64AdWAzG3qAD4Dty
spotify:track:640vzg8f5aGAuyIlNCbKuB
spotify:track:3Ti0GdlrotgwsAVBBugv0I
spotify:track:0eEXcw3JLVXcRxYrVYMy68
spotify:track:6fAyRZ0GHuuvSOEIOwi58N
spotify:track:30bqPdEUBZhn44u10awaup
spotify:track:7Gnvasgy1EdC4sXTOsMEsV
spotify:track:5nuTwIhmN6AzktesqJh6p7
spotify:track:4xyCkwlgvdrULd6kzSIs0I
spotify:track:0IfKxVyiSQxRajCwEE4dqJ
spotify:track:0zNMwL1RFQWkcYUPGTUFhs
spotify:track:5OGXZV7w69Mkvf64nnD7R8
spotify:track:4fvRKdvPlTk8tH2ek6KGig
spotify:track:6IRA4KOVbtiGiTdYoEThJN
spotify:track:5fDSaYSBr8it2Nvs32xOvd
spotify:track:3sySoSz1tI6IDt7qDkecnQ
spotify:track:1YwQo6MrcSn0RQfnk0iG8D
spotify:track:3hOFuhQ9irpUOyp7VJUviR
spotify:track:5SNiccxwbvgj21WlmqeKH0
spotify:track:7A3JZum5yfNq9I3TtFVMMt
spotify:track:0DXyFek0JfbNE34s2u2bDD
spotify:track:7H5Jw7GQh0ij0UMGwLkdKR
spotify:track:6KhWYItnZ2czm02iwg0zHV
spotify:track:1N9xrikuvAiOrg0VdE9l3V
spotify:track:2ALK3U3XsDzz85bynK1hnt
spotify:track:4wm2nxgJAPBPPa5WjMRpnX
spotify:track:1hv36PluUQXKA7XviWlsHM
spotify:track:0Ng5CwvQgMFNignMvm0j4F
spotify:track:0pPQwIjwqduvLfZORYYEaI
spotify:track:1JzVqNkx9nXBxZS0vNsKZx
spotify:track:1X3rIaLi9dB8QA9jXBz6lk
spotify:track:2r0XjZHB0kKlC04iS1ZwZx
spotify:track:6Zihu33czIhCuqNqjlpLzc
spotify:track:3C7AP0nIeqOpinUUQFEi9w
spotify:track:6SI4JD7iyQ0rrudhCNtMv0
spotify:track:4gu3tSjEW0VkA6Jy34lHKQ
spotify:track:1PS1QMdUqOal0ai3Gt7sDQ
spotify:track:3Dg1BK3rHo6mCvzSO2b9Ct
spotify:track:4qg2rXtE20scfPhGvG5tqq
spotify:track:7ewT0nLFkMD8ONbRibePr9
spotify:track:5qiG5FhrnE7dl0ZxhKc3My
spotify:track:26TpDCzZwjrYUZkua2X6HF
spotify:track:6gRgweWPiX1ii33coNlTt8
spotify:track:5z2LeGnH19PuaOuA2Ksmp6
spotify:track:1Hj3wedxBoOoYPXwk3TzeY
spotify:track:3RHZzTT1RhYV6zicKUc4FM
spotify:track:55yfKueSypP64qCCLkvdc3
spotify:track:52WTLETEHs5jwCr7LCq0VW
spotify:track:2D9fFzc8V87QoyDyy8KNRv
spotify:track:6CItYW8sYhflT8f8WXL9s8
spotify:track:0byUGapJ70OOpxIC3U1jlf
spotify:track:3dvnVubqVeeOjabs0wC1YB
spotify:track:26WNKAgxNfg1MkhpBrx8UV
spotify:track:33yMYketIcAicQ9bEgryw1
spotify:track:6cqXhzuVIH4Hm2CkF7ZN21
spotify:track:3jZ0GKAZiDMya0dZPrw8zq
spotify:track:066nVSMAHBa3UxtE1m4c2j
spotify:track:2WUKigdj6FjOwty6hQM2ii
spotify:track:6ZXoX3GiljGiuQpGCjWJI3
spotify:track:2SpHd4lGMrJMIQDf92V6VP
spotify:track:7ulGjpWKbda4c7SUgQUMbo
spotify:track:3SLPYjHQ6nuHEDe5Zt8byX
spotify:track:3CJT3NY7LLs3dSwm2C59vC
spotify:track:3n9Roz49akxftZl1kJv2tK
spotify:track:7GDbkrFBGrCb8ntbQPY3hQ
spotify:track:7qUoDTmVj07qUf6ZBDhWKl
spotify:track:4Bb9UvyIN5lEYThNwxDIQE
spotify:track:0H2MmFtJgoeywCIbAN3sid
spotify:track:3s3ZBjw8kKX5HXymkRIDVy
spotify:track:2b3KgzISdjZVNPJJ1945nw
spotify:track:6jl01C724Mk68qlOQLco5I
spotify:track:2FTGmG9PvlXEERkb1sYBE3
spotify:track:4Pwjz3DfvfQWV0rO2V8jyh
spotify:track:1zCi4cVFqe6ja16MeGZKRN
spotify:track:3SdOP61TT2l8YQpSaUtsWR
spotify:track:12VWzyPDBCc8fqeWCAfNwR
spotify:track:2lp8xjq0WTm3HZKHuDEweg
spotify:track:4voEoczU7Ijborps9XF1n3
spotify:track:3ssX20QT5c3nA9wk78V1LQ
spotify:track:3PA9dH8cT0wR5UW4XkC44Y
spotify:track:3T790QTg0ebUUk5tCRbtbN
spotify:track:0kF1yJzBGNFTugYQ4nbBSd
spotify:track:6CP3n5rcjatGHfJGhTC4TQ
spotify:track:5KKK7Xtkd1L7PUOf40fXEV
spotify:track:1IIWODSnr5MIIwpdHyX10P
spotify:track:7kxxf2Ch08KZfoUurA7rR9
spotify:track:5HP9QlQrBYAyuOemE5StNY
spotify:track:2C1C4QjjMmru4mYrPSQzWs
spotify:track:4fVqQKbROkz8Z9FFJS7vls
spotify:track:1ZLDXa6fRGACA4qYnU6OL1
spotify:track:4wTBwrYUzGmmDpl7ewM8in
spotify:track:0ZPJuAEENmq2WYKknVz1Ww
spotify:track:6XT0QfjhT6NhC0icElnliF
spotify:track:1Ora7FZJR5xWId7upB1dlo
spotify:track:08X9m3tpcthgrItjPVAmCu
spotify:track:2w9Qq5cflc8Z6BraiDCyes
spotify:track:7c5EpKbPpL86QVaP8yla8e
spotify:track:5wrM3MbU9xNuSZGbmRm9B7
spotify:track:758wEKVqfYopJIHYWdLVd4
spotify:track:21iL1HD3h5AXGdSZABFd8t
spotify:track:12Gtheom5qK2Hjo1qTCNkx
spotify:track:7lGRaop0gCoVMeY9fSZIkR
spotify:track:3nndHObJ5j5wpSKhTVODDG
spotify:track:28j9YL5SeBl2EXFU1G1WEn
spotify:track:7gZC4WIaFSGg38tvKD2jlA
spotify:track:14MrWN36U9DSjKo7pOCQiN
spotify:track:4v3MF3UyP6ZilmkDDhWmS9
spotify:track:3eJKAy9ZJaZLGS8EJlihXy
spotify:track:2qMjIHWyYgnEtcmoZc3R0u
spotify:track:6XMJJGQ6gksbWOEzF2UpVO
spotify:track:3aByRUC2BVL6Fs1zI723sd
spotify:track:6vuPZX9fWESg5js2JFTQRJ
spotify:track:5W3cjX2J3tjhG8zb6u0qHn
spotify:track:4zu9wo2FXoBSsKjO6tRB3R
spotify:track:6wG6Is4msfLUJzfS59SqkT
spotify:track:2CaaxqR6IXwrBL8fCtY1yl
spotify:track:3kOfBSruBgrfJxPdJhsQm2
spotify:track:3b4GWSS7QnzRKqH0mEYcFH
spotify:track:0HadrlP2mwJidGF3pyBX4H
spotify:track:0LSLM0zuWRkEYemF7JcfEE
spotify:track:6PvJwUGU6ioZz0OZZbtdcu
spotify:track:4cLdrA7DUFo1bn8faQHmuW
spotify:track:1GdkQKNGLMtPaUvtcjOeSj
spotify:track:0zLClc0emc6qUeV1p5nc99
spotify:track:5W3JWv6KlXngkAwMXq5HfM
spotify:track:0IZurWvFvqoFBD9h6KR1vB
spotify:track:43kdsC2y7qAaskG6VM28mv
spotify:track:7wdzLe2Gsx1RGqbvYZHASz
spotify:track:7GTQgSPs8BYbn3YbmS78N8
spotify:track:2jwQCbqmKxk2lsIFRLXNT4
spotify:track:3uOM0nNQiWDP1oUnjCSax3
spotify:track:3O220xHBIQsN1mhqzpEPSJ
spotify:track:6qJwbo4X8T6KVMsFobmhaI
spotify:track:6gGWIdbMl1o5KG6w5xUQ2s
spotify:track:6l91G5h57AW47LDPMuJSST
spotify:track:1KTMZ2DeqT4oqIJ7Co5F6R
spotify:track:7J7z5NYNlEwv5cIcjbNVHi
spotify:track:7Me0vOSlJfaPY7Pc4GeItd
spotify:track:1CLmFKW99S8eJrebO3GB04
spotify:track:4LB5cNN7f18wIJA2RU4iIO
spotify:track:36rqjSUBaArtMBLWrzwInc
spotify:track:3x0iCzjgf0v9lnwvAhU9P2
spotify:track:0mGJYajNW8Y4T9NxnD6P79
spotify:track:1hu7wC5M5RvEsKQ6P2AXps
spotify:track:2nt7YSq14tibIoGwHxj5ZK
spotify:track:7GTHtwe5PnkWuTHekbBPyz
spotify:track:3XhUQpMLhihPG0xL1sNkr8
spotify:track:6U2JU2b2AAkj3fBvLxiVg6
spotify:track:4c7k0jGOFR1OraHvE3BszV
spotify:track:694viMJ3pA7Rrjq14jmsHw
spotify:track:3aPjLBWsrqTetCn3QcLSuK
spotify:track:1yCJHs8UFfmqMujayg9i5y
spotify:track:4xF9zRaPdnrLU7QmVMKOzR
spotify:track:18nwOqwVCo7JFOci9uqBLD
spotify:track:2OaXmeYBJ0hcTmS3kxjJOx
spotify:track:2wcRwGsXDxT7YYjFwklX5w
spotify:track:1XU6ZCRIi8jMkLqObKg1kS
spotify:track:2lfY3PIzGPArq4fKWFjJX2
spotify:track:4q0CeoDsBdFYCDDj3a6Jej
spotify:track:7wfvl1kiZJNvhx6HNTyefX
spotify:track:2N4idqj9TT3HnH2OFT9j0v
spotify:track:7p0Pk7IJw1c494Qz5lXopE
spotify:track:2Wsgcbi4ZlAtua74Hitvmk
spotify:track:1xpnkMYroPcpCwQmf9Z5sS
spotify:track:7aJvFGH4J8TIgpJqcEGwy9
spotify:track:4oKCafQwE4ktbjAoCtLFJ2
spotify:track:0EqB7oYhNr1pctKtpTOWP6
spotify:track:3NcBDyfUycNas63d8t7w4r
spotify:track:1bn3l34meomORtg8Mq0dIT
spotify:track:4aUCovTNe98WnwE6AIl0pU
spotify:track:60hT5qY7Ck8D4laJYXdZ9O
spotify:track:6TjjZllUyDPIBiFuHZSVtm
spotify:track:6wEcEhmWS8heKU6Pv2v78R
spotify:track:6PKUOOlA9LB7rRX2MbUz9f
spotify:track:07tHVET5Qb4LAjjRlBlyuw
spotify:track:18GKzOdnC7i30f7PraM5Ui
spotify:track:0Ct2XTT4UBt9Y196i0Ido2
spotify:track:6HZILIRieu8S0iqY8kIKhj
spotify:track:2LTlO3NuNVN70lp2ZbVswF
spotify:track:1EaKU4dMbesXXd3BrLCtYG
spotify:track:6SQzRkhDiO37R86Nsqb6fw
spotify:track:4MBSlIpU6jzqkslmzxZmxo
spotify:track:29ufIwomYfLbWBxPMdaUZm
spotify:track:4INDiWSKvqSKDEu7mh8HFz
spotify:track:3lEoV3Lja14U3EvL6ugsWu
spotify:track:1n5T5RhDpFVMYgbp9WAYR4
spotify:track:2KV62x9pPMe7lbIz6zMvkp
spotify:track:5ByAIlEEnxYdvpnezg7HTX
spotify:track:0ww4K15E9OHGfZbRpyIw1X
spotify:track:7hmiDaBxoyLW094H8vup2S
spotify:track:5bap19onaDIU4dljlKekx5
spotify:track:6za4QPGSuLkHpKJ7nepjdQ
spotify:track:5tLRmicpUpLYmXY58JWjPY
spotify:track:79KPl9hg2nJ3IPnxPQKR6w
spotify:track:0vT6VZXw4q2Z1Yuym05mtb
spotify:track:0JckaeojmlYAzTNT98fN2L
spotify:track:0zkrKTOCKcfC91LE5n5U4m
spotify:track:5iSZfApqII1Im3z457AnoJ
spotify:track:025kzSPYHSBVykrIMLF1Fg
spotify:track:0PTP53h7PvqEMeGyGClkOk
spotify:track:5LgiqEgpK54OfXC6947wbU
spotify:track:7r0zgoXxIVyEsqWJOhLZsY
spotify:track:35VqQrwh16t58JMjdLxZDZ
spotify:track:7a8btYFhpBw9WMgSqP9F1P
spotify:track:0yLfXULLuRtVj2L4DIrwO7
spotify:track:5ga6MyJXOoInY2cEQ04RDL
spotify:track:7ItFoQDmQIh3MAPsxiP6Vt
spotify:track:0ztZ65BrWKvcPuQPR6LTZw
spotify:track:75v0EHrardEAziIVMCQTmi
spotify:track:4lIyYuC3f68DZjeIfo6BrM
spotify:track:44RqJWBTSJseMUsVohAlyT
spotify:track:7t83uuT0cZpQ7M6q9ymtv8
spotify:track:15Xdlu0QaiEy3YFTf4xpUA
spotify:track:51Ru43YjHNP2uLcPoswSu4
spotify:track:3MDcFMG1AYBPcRpYOdwDYl
spotify:track:3oD4rZcjEVq1GzLX94WCH8
spotify:track:7s8VC0pUxZl0cMMCq1fjhs
spotify:track:138gAvf0SkkM9zrP0Zp9bc
spotify:track:5frTNUfeDGOHRo8Cc7ny9R
spotify:track:2X6okzhnNPSzh9yxDMHHe3
spotify:track:0xLusQmpL2MWGajcw0YyXQ
spotify:track:54X78diSLoUDI3joC2bjMz
spotify:track:5jSz894ljfWE0IcHBSM39i
spotify:track:5NxzQznfKs9fJdoP8CbgAR
spotify:track:6yK7QgE4H7dIzHa9EV4FKL
spotify:track:7Bsfh7tZyAf6L5iQti86Rq
spotify:track:60vEugO8qAECUVj1KpiQaP
spotify:track:4Yenz5JZZOUiZSeyKY8bDz
spotify:track:0cr1UXsH8XdUfrpvxHCane
spotify:track:62LJFaYihsdVrrkgUOJC05
spotify:track:57DZno6SOk5AjBYkoGbgJA
spotify:track:4yrM5BVyJzy5Ed4GPO6e8j
spotify:track:6WEBIVqiEsevfgJefTyuQQ
spotify:track:2X9fsxb6O6bYEopJYmUbNC
spotify:track:19FsxX4RthRMZGfXkImdCb
spotify:track:6qkSFQcj745XNid59yJ9pV
spotify:track:0Ovyf274zndOidq8QmYPyU
spotify:track:4SJQKShZ9WtLrNdjP8a0cb
spotify:track:523FYV7ZnUv476Avae0vYJ
spotify:track:5bPDET41N8PkfpE2EThhC4
spotify:track:6TqPbyak2IEbqWMngdrXjc
spotify:track:6zkOYq38NO7KNnufE0MuQo
spotify:track:1n4jwRVXdkK2U34nBDUKKT
spotify:track:1zsAAnB6dMpGOvXjoYP9Um
spotify:track:3PFaFVWq5wucLu6s4baj9D
spotify:track:2F4JaV4P4zajoAiUkHD36b
spotify:track:1DTnNxiYEArYlPsm2lfXmg
spotify:track:4aEEsq4ZvvMno7JB7ErAbH
spotify:track:3SL0UThLTdhHH0EMQD2g6v
spotify:track:0oUyf8nX3bGqgh6MtU04Nu
spotify:track:6W0hBHEE9zGh0SYjWmrzqy
spotify:track:1vk2iQMb6SFA5CLpgOb21p
spotify:track:3vNM5OyPGvmpM1fXlgoUsu
spotify:track:7tXsUhUG7bsXqEFxDF5hEL
spotify:track:3b51kxYayDtHFFXV3P3PAt
spotify:track:0W64atw6IGA6EtajkPf9wL
spotify:track:6brGrVfXXPsc3JlwuPTOfw
spotify:track:1pE9gABWR2kJyZ1DRoE2u1
spotify:track:3O6Z32UnHkzkbNZ3N1behW
spotify:track:4y1hQgxNNkFDi0oKg12Ftx
spotify:track:2lSubsWmuSUhhjOIAt7DXX
spotify:track:2ecGPldVM5eUVloJCNRf5w
spotify:track:4gNqX5ax5Qqiww649w76hL
spotify:track:6pOTi0UVJYewp6KOY6HcUL
spotify:track:7CV28OHgupbkmXvwUvf5w9
spotify:track:3vuqGcEAA02AcftWjIgpWK
spotify:track:0CQ2QujNOiAURqbdLdNbvT
spotify:track:1ZozGivTAYsOwhy6LVHsPX
spotify:track:5zQhKQoVnhDfhYxIptbX09
spotify:track:7qSKmfnNq4PINemq8vFHp1
spotify:track:7D81EAc9Gk4vXdyOuQHxRo
spotify:track:6t7e4UHDYWUdc4CTynBRjm
spotify:track:31AvVYMCukDC0l91YZF3A4
spotify:track:45Qd0hxV9IeDfn9TE63g2Q
spotify:track:6XK3WnoU6grqxGaE0ndlp0
spotify:track:4MUjdrWSsyQgJnK8KeumgW
spotify:track:4ChWuSwCNLXFe2RyYh8tOZ
spotify:track:2EW4Wu7bZhEyHd8LzJR1DU
spotify:track:226SaXakVAUoKTwkShplWU
spotify:track:3CNrlwklJDGzhBklgYP0lo
spotify:track:2x6fjgPBbXcwWUvv38QjUN
spotify:track:020U0UVevZ03B4ZXxW6dlW
spotify:track:5X9c0LL84kJN8Ok2UC6B6w
spotify:track:0xS3AZ1LTCUEyOg5x5O0TT
spotify:track:75IN3CtuZwTHTnZvYM4qnJ
spotify:track:3CNbDbMHxYHxEgrPGf89yc
spotify:track:6uXX9OgGchFrr2bq8RgIg6
spotify:track:3guazByz82uD2zHf8q7As1
spotify:track:3j3XiRDNkaUfINMB99hphS
spotify:track:1NmUM1cIycWhgSz1qKmCXh
spotify:track:3HWxpLKnTlz6jE3Vi5dTF2
spotify:track:7vfp6xwxjWlRyHcKbzmvRs
spotify:track:2yaf46YMxA5y6bzmWUKgXC
spotify:track:2a0h1VQ6C3pTtQwiHwQrnc
spotify:track:4ukHl5HFRNARRnIWc4Oj83
spotify:track:0dumXDnX8Z3664Q3c8GJmo
spotify:track:3XnTwTm4lEtdhhv7G4XSUN
spotify:track:4kM5lBwpG1DEH9FNTsOyGP
spotify:track:3AhXZa8sUQht0UEdBJgpGc
spotify:track:5JqsRFZYDtIK5Rgeuzd2Jv
spotify:track:64MISVB9IIchhOKmWHftoz
spotify:track:7lBvaC0phhUKZQNlqWhAL9
spotify:track:6Vcwr9tb3ZLO63F8DL8cqu
spotify:track:1nbGN4N63uCQq0pCIs3kIf
spotify:track:3wAX3qn53iQUFE84hpfeen
spotify:track:3rkVe0h72vcKHVmIPnkzhZ
spotify:track:6UJyU6gBWdE2oTzuPJODNG
spotify:track:0kQNc5bCZqRWCl2Ex2rxqN
spotify:track:65SVVW0jkc3zCcMFanrzNj
spotify:track:5zljU9XFhGmWDu5TzmAAuo
spotify:track:75rttWfZZXxooWDL7rSZOJ
spotify:track:5TeoCsHbzWo9UgMW3rv7JL
spotify:track:2O6X9nPVVQSefg3xOQAo5u
spotify:track:53ygARQf1f30Z0EmXPHWGT
spotify:track:0etEqLDMFBCyttdsinzyks
spotify:track:1ipHAtasCy9MnRIj9CXQT8
spotify:track:77dUvLM6cQqrgIlj6ADkDX
spotify:track:0LMmCYr1grtBC0nRO2MxDf
spotify:track:5N73ncX9gjmRv9lIpZ85nS
spotify:track:0Qmu2DYKupUetYUbxqvtw2
spotify:track:1Tr4K5MU5XYE44umXGDndd
spotify:track:7dq6icAlynpBD6MSrXKh3A
spotify:track:60z53BhYhXBmElp7Ztw5Q9
spotify:track:2wknuokNRAnUPoNmYe0shu
spotify:track:36eWbpGbM3DxpErvZImHgD
spotify:track:4Fz7kqfYvb6T4YUxTexdLs
spotify:track:6v8mOtpRlXbG3BOauqPRHC
spotify:track:1P6cM2zGc66h5acmYdJ08n
spotify:track:5vMXYPdmqzjIpjV6v3JmiW
spotify:track:0x7qxjV9GMhXteiTU3s8nW
spotify:track:5lYYTS4DB0NAHsyiD3xAj0
spotify:track:3idjXZeOxoqi17lZfSmSKr
spotify:track:3JZEdq5tLHFbSJqzPcf7dJ
spotify:track:34WLNEeeif1bJd8HaGbJNT
spotify:track:1uJ1cLnT9ZU9VxHOvMHXw7
spotify:track:2KiWL2QDLnn7rzmnmUOeXs
spotify:track:1xGAJP2YSHCQQwVR0ZlkO8
spotify:track:7GmiOOBjqD7PKIXHvJOnwR
spotify:track:6Aps9fU2hZ2WBk8DLqwbW1
spotify:track:4nXaTn2GtlF3VETcECzOLp
spotify:track:35rf8iduzQ7vd8hFbDlv0o
spotify:track:0oaSkcIh1fQz8tNtbsJueO
spotify:track:5JsBlpOGm0L2DVKc16KpS0
spotify:track:2AlAkdBzHjGWgRbt6Y1Ts7
spotify:track:533M94RT3BdhO5Vk6OVYET
spotify:track:1SdmGl7f8qYkVSUtqeR9qS
spotify:track:0nceakiI6LOafJHaQiNSYW
spotify:track:3myMFsZDhLXhCU2RaWIQLr
spotify:track:4Y5WYTYhxIAjFk8rtOvI6X
spotify:track:3T7UNImEuEXP25GSpQ3l1U
spotify:track:0S7QpFd0gSHXVn6wQRhT4T
spotify:track:5teLBXwXVbXr7XN7zPQ6xf
spotify:track:3ZzFTBgYdS0mN2paK0jKbG
spotify:track:3Fql2MRthqXoQGgDlw6cZJ
spotify:track:65LeJBEMVBGJ8u68Cw8LXZ
spotify:track:6I5uZ18eWhNpAbhJfVjiTt
spotify:track:5gz38AxRkD6Ywxd4fr2pLj
spotify:track:5VHEMN7zkjUZFDroz5AB4T
spotify:track:4ThUsAPgM1Eo6DBJRgLbpc
spotify:track:3ylnZSXt6imBgYqOioAyTx
spotify:track:4sbQeadjoK4F1ABB91iyvt
spotify:track:1suCl9Q5tExNARBRPdgKLe
spotify:track:24vN6EOKppCj7dN1BSptos
spotify:track:2KE0CRKNsCiTphq2spu9ab
spotify:track:2gLzBIXTrphTRCZoSRpKZJ
spotify:track:7qdnYEcXdSRju3tjVqfCUV
spotify:track:5eVjE8FDSDXQLSbTZSA5Qv
spotify:track:3y4Uza6K58JXQ7RYya8ZI5
spotify:track:3xNO6JUk9ySYjxuqzcZYRB
spotify:track:4MKun9QQhoapVvhp2uxJif
spotify:track:1uQbeHF6znPkD99pDGLvRN
spotify:track:6zrsmzrMoxNkXEQLubCWtA
spotify:track:2GMNuUpZBpoOQa3yxHt8Uh
spotify:track:2hfgnBN2jNw9BUTZTqlb9d
spotify:track:37enJgsRqIrhOlEFniMd7j
spotify:track:0XUFz0048xpqTtbPRIrbjt
spotify:track:4QZLzzVDeYs15j123hDhrw
spotify:track:1NoG2jXoHwcsg80pug35wu
spotify:track:6yBFarXBPeP8H60XcjyYf7
spotify:track:0MLADrwDmcTzii5nGq5iNa
spotify:track:7LDANqgZZU7Z7HintWCnoW
spotify:track:6CsVhNMTqmWESBRieFRPan
spotify:track:4yeILpRczJAXG6kAsE7pGk
spotify:track:7K72Q4uLh46cxsEB9iRNbZ
spotify:track:6KT6tZ2Dy26l6sYyr2dELh
spotify:track:14CsqOaDkOkrZ49UJLtuOJ
spotify:track:7bHW6RpriqTGOla0Zdt3TZ
spotify:track:0IZVC7E8Vk0bx76cRu6Ql4
spotify:track:46zMfAycgHfH8mq7cm25zX
spotify:track:2pscxdn0QUNuB3IxhKcGyM
spotify:track:36hhQwHK0cIoXp41HInqFE
spotify:track:114ujdGSsiHKbDIO7MVH16
spotify:track:6kWjYd3TKzXUh8jMBsm2mJ
spotify:track:6MTR1iU2ndeDGqdswM4ucH
spotify:track:2I1AYLzF1X4lWrI3Xlzw4l
spotify:track:3EsoCQsqxnkoQn6DOtiVgT
spotify:track:3YNKbymzBpPlqGTQnwtYWn
spotify:track:5NFM2QPU3Zso4gzXTGDPR9
spotify:track:2L93TdW2GMue1H2zlkt30F
spotify:track:3dsd09qrt34YuS6NPbQtYq
spotify:track:2vfvGlqCB7oertO5VLE0sz
spotify:track:78RRs3YvNvgl9ribbpisrV
spotify:track:0O0Ej9pApeAOM1ft0f2ac0
spotify:track:5qKqRkWnRTXNVWbEOOmGxk
spotify:track:5katW3JH8JM3jiEdrr2zuR
spotify:track:2SIQrjcn1WxMMBplyZRSd5
spotify:track:7i1IyhG4Q67Ss5EC447EDA
spotify:track:7wlcweEsneQgizqNOrUqJE
spotify:track:6w4MlvpuxtbjGdL9YeTx89
spotify:track:22ShJy9sVmW4MmsyH3btcX
spotify:track:3NqwLwpzbpyvXB2wJE0Oe6
spotify:track:6IhRKyuNFDu4aR0YlT9Nlm
spotify:track:4fcvLmCmut3Qqxz7k31iVx
spotify:track:0DeSF7yV5cZ47sM5vS8X9T
spotify:track:4rgFtOuRNrwE7jG6CP7AZW
spotify:track:770urYRt3t7vImMY8106hB
spotify:track:5BeT7nwfURe9hldXRhBMKM
spotify:track:2q8lHMMso6wx6pb5uwqzOs
spotify:track:2nZKShIb4aex7YWX0HLzEn
spotify:track:1xyEZ7bacBb97ucPS7PXMM
spotify:track:3lecA86POu0jRaFIubASoT
spotify:track:0Jq4bDLBx9EywzNrL192ms
spotify:track:1OkHiYsPJBwhR5Jb0hz9Q1
spotify:track:4mJ2jiw5WZgT1PIAEc7P5P
spotify:track:0yHYwBDsSd5OBytIe1gEsI
spotify:track:1SrDDrw3ZMElLdnTjvWJOg
spotify:track:2mLjLAlChZXZpIZfyPF8Le
spotify:track:7nfGrjZf34FxqS0FWXM5B7
spotify:track:4UOhhfeK2KapS4iyyMnSsM
spotify:track:4wz2dyhtua6oMa6hGeZqrV
spotify:track:3jjghM6HbHd3FpRaI3sWPd
spotify:track:63DMQTyRWaBS3LxLLofKAd
spotify:track:7djQnMQA2JPiRTHFRAJq5L
spotify:track:0LSTnUDlhMZMTBNUojhLJn
spotify:track:2GiGU0i6r7H2WgR76NAV3g
spotify:track:3EPSkqLouAnHKgRB9R2aLM
spotify:track:3gNzBe7MwKYIa1Vy92p1wN
spotify:track:6m2tqkdyGe1lnHiLFUGtde
spotify:track:6txGFpco4cfgG1sA1MxLCp
spotify:track:4n1ZGm3TxYmoYe1YR8cMus
spotify:track:0V1771LhL3tG36pb55EZAH
spotify:track:6VTX9wXI3F5bSFUq8W111d
spotify:track:2sJ0dw9o8Cb4o5kpCLrxRj
spotify:track:0c2DAekH6ZEnHhf8dM1leK
spotify:track:0f5N14nB8xi0p3o4BlVvbx
spotify:track:6os5B6xjuke9YfBKH3tu1e
spotify:track:2d0pTlYw1nEPQnE3gX2R8X
spotify:track:0JRb7AwcOSBtoNWfICUl8J
spotify:track:067y4zq2wzZ7klY4RszdWG
spotify:track:4S5ySmz5iFhqE95a9TKbvv
spotify:track:4EUZtceMLJNZExZeZldZms
spotify:track:3WOqY7d0xOs9djKn71vKrz
spotify:track:4PRoHGjDzbcHMcQshAibWr
spotify:track:7Llu8SZBe5UuhJn4Jos5Qt
spotify:track:2sEmZge5ZfzrFrDGFJbkyP
spotify:track:1k7B553lUeQY3cyltjRWCH
spotify:track:4doeILSOpBXjzWsiJiSS8a
spotify:track:2VuykAwip0RSzJOrXVOdKg
spotify:track:5EqkuCTZTSMhZm2sLhA7JN
spotify:track:7gHdjudTKmgDcWSKPpJk9h
spotify:track:49Ph39DWn4CETSjSXYS0KA
spotify:track:5n5icrh7DMNcQUQYuZb6WZ
spotify:track:2CCmWJZGzxAvLnMks8y4Li
spotify:track:29TVavQ7rHD8JO6aro278m
spotify:track:1LZLKSts2t2OyyfJ7MkaCY
spotify:track:6R1KM43Mo3gbPtb3xujeYr
spotify:track:4emBFvvy8CoUUgkcrBq3RX
spotify:track:0FriNBfZnUzIAXRkYH1SHH
spotify:track:2R649UVCi6TUm76HSqm9BO
spotify:track:3eNjjURLdqnoR80eOrF7fm
spotify:track:4m31QmECqRAYSrlFJ8rNQK
spotify:track:0oBf6XLbYFm9479eSOWhkK
spotify:track:1PFcSDTiVUkjs2b27gemDu
spotify:track:2E77HLOTw9m23ESzmsGWze
spotify:track:5IO0utsVaVoBYRoEv2lZmB
spotify:track:0OqqYVFZbZFZ7KczDr8hzN
spotify:track:4g2jNf6gHvNFzx5kDe2yQv
spotify:track:6hbEzfSr40BMPCZAbLai72
spotify:track:6SdtKpQfTRbHDzDhYs7jEW
spotify:track:3CYkIy8EufIQNyfuQr9XVi
spotify:track:6ozfw6CikiePM32Ym7tjkF
spotify:track:0Qi42b2dUV7IwhtKJoep13
spotify:track:4pHSbUmdDJvffFDRAUTT83
spotify:track:7twVmetQlugzgUqdMNjdJ4
spotify:track:7wL42r11vcEhohThbDVz7Y
spotify:track:688DZF6e1MH5Uf409dwaHm
spotify:track:2mKgAOAUL9uTOFGPxb4a6O
spotify:track:4PFa7ZyqP0quv3jGKi4cje
spotify:track:62GNy3YZzp9LxXavwaUZZw
spotify:track:10tS3AWz8aUWArbnxIrUL6
spotify:track:0cLyScyKTvOEcF64ReuwiO
spotify:track:4ybyq1pLxA7PnbbCp6sNu7
spotify:track:3K7cL64fXPqeG3p06QDTdZ
spotify:track:5y4MDqm1PYa2T1vT6vboJI
spotify:track:7xSUGewoItgxStLNXnoWkl
spotify:track:4MHHQYmkwx1geJRFaJfQD5
spotify:track:54vVFWhoMG7LMfmRPTqijM
spotify:track:0ZQ0AYmoSQqmPYtI9JP9F9
spotify:track:4wd09wCccmxUB7XVJp0RNn
spotify:track:13zrBXzVbpjLcIeeQh4qdG
spotify:track:6ccbDtihsiqqviUM0YqbUu
spotify:track:3HV9uqVQnUtg1X2YoMnc6a
spotify:track:59epNe8Rf4El5FanZJNPzX
spotify:track:7uWv0rMvv73q6L6D6p6yHP
spotify:track:1Ra0py3DxQ2dcWHXhd9wq6
spotify:track:2yQkUV0EEDMfHQ3BqkcrOa
spotify:track:0WkhmPY4bLSi1Lvtw72jiO
spotify:track:1ycH1N0MEPNi35KERLj92k
spotify:track:5R7WXqqalHK2LD5TcrcjHH
spotify:track:3b1UyW9VxSymsahmyL3qCD
spotify:track:5CQ0NywxkvEzdKQsv6Rs5c
spotify:track:2v5kF956aZIcm1du9NmelQ
spotify:track:38jqyFghcqZbGubCgOvCkJ
spotify:track:1tzXnPndBrd2G5GXrOBc1c
spotify:track:0WRdOVjKkKWyEPW2kZtVpS
spotify:track:1mAQwbVDwer2Q5fJZHqfF2
spotify:track:2K9flHsIQNruLaYDU5oyP2
spotify:track:7ilBHhMSE7XYvDf2gLx1NP
spotify:track:1eqUenDSQsy87cpoogbKvi
spotify:track:574L9iq6vqO8EmTPUuQFKF
spotify:track:3BgVum3L4eszzdHB3rMyMd
spotify:track:4vDPNM1Ekt9maoCwLsWFeb
spotify:track:0CVwHvYGjKEIHLbbQFYXBY
spotify:track:209g8XrYu3ov4Wt4bRk2Yw
spotify:track:3cjiQdUfVO3068I94pF5Wo
spotify:track:6rMp4peGqo1zaT8ErytHgd
spotify:track:1AcBPyGmkPkvC9jeuYoXSn
spotify:track:61dv1VL5ZPj1L9p3Ko9QEC
spotify:track:7J42bT9SnqnVJH4e4CMA8u
spotify:track:1wuB9MID26ep43OlkOtBXd
spotify:track:0C13P4IghHNFPjt4zIJ8vX
spotify:track:2YvFuxpoNlpsJZjhjs6OPE
spotify:track:3VMBQaBxjYwQVz7NHMe5xX
spotify:track:1Gd8nqM0T5N6wP8IEb7FUM
spotify:track:4gkxGrIuTzLykIq0aG5xUe
spotify:track:4pE3l2U6jqQipiHpGPchbn
spotify:track:7DlNDGbpgXoGHkDyyNTU4O
spotify:track:0cIZ6AWTeJx7RsBdMr6z9R
spotify:track:7sC9FifCXZHgjTAjFO1ykA
spotify:track:1cvOJ4I6Me1RMCNEB5UFjt
spotify:track:6luyViGYiEnCerudBySTcz
spotify:track:4nOM6jFNyZuH48MxOKhE3j
spotify:track:2ouMVpv6OJglrFHg2GQPwd
spotify:track:1JVsEciUZKtji9oAC9LMz1
spotify:track:2uzyiRdvfNI5WxUiItv1y9
spotify:track:4Zau4QvgyxWiWQ5KQrwL43
spotify:track:3LxMs3DBirmev8OFkSNuBA
spotify:track:4ObxJP7kYUkBqpiklCzrBo
spotify:track:5Bh8l8evdBSIoaK6EP1bWI
spotify:track:5gJKsGij5oGt5H5RSFYXPa
spotify:track:0IBUFi55OCMR5HrDHB1lEo
spotify:track:0oOMpbv49917XDv6fvnHKU
spotify:track:6aLmvz0CPeCNHCXK2H5QIC
spotify:track:0GBAxPHZY81xbNCZcxjcEs
spotify:track:4Q0X9NoEcDTAs9dvdvR6r3
spotify:track:0hA6gpx876uv2z7vROkFzw
spotify:track:35w6fQ0Wnuv7aIryRx7gTq
spotify:track:05XHjh4kOZQPGgNlCTktex
spotify:track:2jfiDZCg4UjLJEFktdcAV4
spotify:track:7abNwHdN34BP9q4tKfKeMg
spotify:track:210g0ApTMDQvGFTWSnioAA
spotify:track:3GsgJI1aBrvUtqX8f3MhKT
spotify:track:5Z13kJAqqkzj6F4MkjsOsL
spotify:track:5Gwk7VFCm48T5Widrw79w9
spotify:track:6n7GUf2h8D2Ad2wUy5s7nE
spotify:track:4tzg6aQGUBL6YMOASdLkjN
spotify:track:2o4O4AJgwbiWUVVXQ0sq7O
spotify:track:0qHeP8zt2WWef7EWCs1ECj
spotify:track:4ZELmT1JhJZmzonQgBZu4o
spotify:track:44w1Bm0NdhGmPWJVaVovQO
spotify:track:6qOwmc4uXXMmZY2D5XOaBJ
spotify:track:6tsMn9okxcLBklFQ2Sc8Ar
spotify:track:15b500PsXpmr2vJu97osdA
spotify:track:3fktqaK6zAcydTkT7vfW8B
spotify:track:0FLmR0blAIztjE7YsQpoYc
spotify:track:5Z5YEyR5i8V8Ui2e5jGAAm
spotify:track:79L8Au1ipSKjIXK2ZggRfP
spotify:track:2DcUNkHBEhK8uHJ2XJmKVF
spotify:track:2sqoJjdM5e90qrpCDnA91V
spotify:track:5Tb150eBVfKzjabXw3Zg54
spotify:track:1JSF6Op8037UrfaqROkRG6
spotify:track:1Hv64YubVSm1TvE6mZeBRc
spotify:track:2VDg6h3Qr3F8UuFVInQxE6
spotify:track:0yohn4BHdTrvR3EBAAqzDR
spotify:track:33pDmPx2pkJ7JCAQpRDQ9B
spotify:track:17lNApzjLJpKTaPiqhZB1V
spotify:track:2dcAhmbVvnPDj0uB66S09K
spotify:track:6mRKnFijASy1ANbFwjgzKR
spotify:track:5l8lYrnPEM1ln3J4XaTcy5
spotify:track:0OfWbtiZ3fHd64VmpCSj7g
spotify:track:79dQwpXjJ4t3pILysdqFyB
spotify:track:0F0imGVd7KnvQPkBmVtPo9
spotify:track:3ZKI571IyBKZPHq1UiQ2Sw
spotify:track:5IwP0zGazWIsct8dcLzHEw
spotify:track:2rs3zQt0Kkwa636NEvJVE8
spotify:track:2Ff6QwP4tfmCkjpF15b7m3
spotify:track:4tv5LzVrftOVRhMR8yxbi6
spotify:track:7vUbnU8XibkKccpuoyWqIm
spotify:track:5mpjIvDq4cgQFyZviKwSRP
spotify:track:43ile6cBzr9uaC4bJf6J3N
spotify:track:3Zgwcga8d7Zys3t94sd5Bo
spotify:track:0F8co9bBHh5js5mxTnSMPk
spotify:track:2vWxvpycD0ELvOJr6g4pQt
spotify:track:5r0l5YdyIIjxRF5B8O3YbT
spotify:track:6ZWVeMysm8Q8zZu3lKnY2v
spotify:track:1uXOJMO6bUhTl439u6vtSa
spotify:track:2CsnpBAB8VQMTyPuws57ao
spotify:track:7a1QS7lnEtrTfBVAdH97Y8
spotify:track:36f45es7EH7JyT4sFl1irf
spotify:track:4wbLYn8eKiW46ZisorkhDf
spotify:track:6W03BOggURVJECgPfpz7Gh
spotify:track:6BCxtWVY6aoaBuyOwGcFlQ
spotify:track:7d8NzhD3rycPayNCzmb9rK
spotify:track:6LUXsijd0MusiVMPrjJOno
spotify:track:3xmHutddCQXs5v1m6XCUD9
spotify:track:6tDZAvIeV2113YpGnc3VJC
spotify:track:3ZvQhjN6jWTbAFTcTynZin
spotify:track:0WTBulRiP4Em89RGXNpGcp
spotify:track:1sl5FmtLWZkw8OSq9OmIQ0
spotify:track:46HW1rrI4NxC4RMxe3W7Mw
spotify:track:7uE90I7oSDEUxS76VFcUVz
spotify:track:29Nv2tMZ6NuVwGpQkgz51x
spotify:track:68tK9HR0DtPmyvaPnZxtEW
spotify:track:2QVeRmW2y5Ivz8LaWaCXHe
spotify:track:1eVhX54gPfzVSB3uTvIQOe
spotify:track:2ZUNauhgDdCKycBGkM5PLq
spotify:track:77s3Pjgd9NxaQtlV7dgHcY
spotify:track:5LvQ3sJ8AGkJfDKGa5dIji
spotify:track:1xkOg49ZxldiM1ioIudwUS
spotify:track:31FXDD8a6KlWtB3dXzgbXK
spotify:track:65CkxnwiaLvC6FbVrRNAqT
spotify:track:0ElRzK07sc9eszyk1ea9Ab
spotify:track:3TQ4GxL3oghmLVpUD1oKmb
spotify:track:5dIKF6uVJ206hj0pO0gg0I
spotify:track:5EXEeHuB5MdcV8NPxt22PA
spotify:track:1RZlGlz8eXT1KmJYpqFRzH
spotify:track:12V09y1B0z31OH9rvH3pMH
spotify:track:0ccCwNzXvr1Yoz91vKz31Z
spotify:track:1Ffxfl1vuEDc0xBVPIQ50s
spotify:track:4KPr9Oan2RiTzaT2V5luNH
spotify:track:12j0Hvgy2QtAzvWbqxoTbx
spotify:track:1dJuteDIOkGfDSN7zPkzNv
spotify:track:2DFRFqWNahKtFD112H2iEZ
spotify:track:3SNIYOTmrXaErD3i1ygWmn
spotify:track:0vhTFO8vmh76U1537W9S8F
spotify:track:2PBtyFh5rgThYrfzr2CNMJ
spotify:track:25tb4tWiBBId7x3QPxW7t1
spotify:track:00RUVJOetAMUPQqKvpxDIz
spotify:track:5SGGqrMHP2ZJ1xmaSFzUE0
spotify:track:7FOI4MX6j3rGJ6OUFNXqjr
spotify:track:6K4t31amVTZDgR3sKmwUJJ
spotify:track:4a9fW33mYR8LhXBOLUhbfF
spotify:track:2gNfxysfBRfl9Lvi9T3v6R
spotify:track:2O99aywAVBhaPrsiJ6zbSS
spotify:track:52ojopYMUzeNcudsoz7O9D
spotify:track:6qZjm61s6u8Ead9sWxCDro
spotify:track:5M4yti0QxgqJieUYaEXcpw
spotify:track:1UYj8qTWjneZJDVjUMwMub
spotify:track:0xtIp0lgccN85GfGOekS5L
spotify:track:79CK7Wz6T5qEwDkfXoty1Z
spotify:track:0Vj6afDwwfwqxY1x3JpET9
spotify:track:3VnlkMjJPOHYfSJlzXMZd5
spotify:track:2aSJaR2r3xt2CjqMi3A8Qe
spotify:track:3cz61auCf3T7OUfpwH7EQL
spotify:track:5iZ3izXmUgmb6vzoGymY7Y
spotify:track:32V8bnsrhT0eTSZexqJolz
spotify:track:5XLblVyTYnQfEfDcq3Fvh6
spotify:track:4zFAF1mZCU2kUfk6vUXu8d
spotify:track:62bdrl7N8Da96CBQVvH1vg
spotify:track:7ddVFSYDp74TMQ6sAgPDg1
spotify:track:168AQTbSQTjEWvsNq8Xldp
spotify:track:1sr1NnVTSUZL2xGzlkiq1G
spotify:track:0UROPTHqU5C7TI1N8wOkIF
spotify:track:2d9KBVxb6bUfVCjjv1JAVe
spotify:track:5i33z3NLHNGdRzbWgOIP1k
spotify:track:1LcSsdcScRt07K32sfiuwz
spotify:track:6HRuoT81bYcthFkgiZ461F
spotify:track:37wuwV4Y7v2e3kLyvt2fAI
spotify:track:2muxHIBCDOXHGsRT7jf5jl
spotify:track:6WPGAupim73K9XQL4iIefZ
spotify:track:1KBjY0B9NAifP9CJeKurwi
spotify:track:1jylZOai0G9TI6Font5Nd2
spotify:track:0MpsyFvt1KaxNYBYw2aanq
spotify:track:3MhAeSs2a5c0f9QoQMfbUQ
spotify:track:1G7uR1fjlq61H7tVhDM6oi
spotify:track:3EabpCN4RuqoFeTzxKosC8
spotify:track:5uh98HlgvoJd2zRWAduj2Y
spotify:track:4FoFqSy42pMaM5c0x3vYOZ
spotify:track:1aBgL67Czpgnm87kbrQuzo
spotify:track:4GoIiZIrZ4t2IzfAYFSHSC
spotify:track:2fpjJ4MUxwQQRmRWwhFlxF
spotify:track:7ysF6Iz14t7iMW6md86FoQ
spotify:track:6FsQrRpBLgsrFeAeiQqytm
spotify:track:7EZw2AXVKWSNq5n7cw94RF
spotify:track:2IHRjsWgCs1ywSeyffJoqc
spotify:track:32CNNAjx8nBJoIAYWOOQ3O
spotify:track:6aBUnkXuCEQQHAlTokv9or
spotify:track:3UTD8DQ1liGCFd9lE0gQDR
spotify:track:5G0nSEIT0fGUZY0caM9AnH
spotify:track:5zyySSTcBpXQ8gSbuONRH7
spotify:track:6Lr9sGM6kARYVDL2dj0lqV
spotify:track:276zciJ7Fg7Jk6Ta6QuLkp
spotify:track:0PktgDNAhsn8s2S0pcYV5l
spotify:track:634wSuTK1YaNYMbQAg5PYF
spotify:track:4MjsKVBmujqDYRjzZczEjG
spotify:track:6Kk9SGnMMrpPPB0mDQ3CJz
spotify:track:6zyXhzPJg7dCGuC5ToIxqN
spotify:track:1GJr5BQIOvzFEoQlrufunl
spotify:track:1UjyF6okUHhnVxaLV8ojsA
spotify:track:7pamxApUs3CE8t7tKmUJ6Z
spotify:track:25GlFJq5QNAXyVgJvCZ4Mf
spotify:track:23T4gelZgImtFxbHjXnYbm
spotify:track:70SjyVMzhmMeJQD8hOmIBp
spotify:track:1cCbsojaA6GIT7Y3zuMJ1q
spotify:track:6OWRMBdqODJatba70UKnQZ
spotify:track:36En1Q4hXbWZmWg7IYSfb2
spotify:track:6nU1XxKL8SfwDARIwkPRh1
spotify:track:4cvmUnMR54Irl5V3Evf3on
spotify:track:55vYDD9pkqdSc14yKXVEin
spotify:track:0sEolejetEpGBZyy2o5UwR
spotify:track:0CTEB8pFritupFMepvgAiw
spotify:track:71pNDcd8132efh1p56PwUP
spotify:track:2UDEXruzPzqxXjCQTdzh1I
spotify:track:3d2tsCm2aNrOuebBbpVZ7b
spotify:track:5NjNYbL0eI1khtqmRRMd5W
spotify:track:5ytmV00jr7di9K0O10dkBO
spotify:track:6DuaF7UtRVH95sy0cjSxOV
spotify:track:5TomOKcQuWH9eIaAPMENys
spotify:track:3OwtuzRo8mc7lgsBau9MWk
spotify:track:1VKeBU5Y22Rfe3wftL0rym
spotify:track:5nS2tlf35lQRshjTgvEwk7
spotify:track:0FMVV9OqQdVdEH5fTwmSQO
spotify:track:5dcZUsgcMW57ju0A379O7c
spotify:track:3t5caUWBhKDgy1ypsxRcg4
spotify:track:41DYCO5zBcYDgyvc7mxotb
spotify:track:7IoLw1bECmOSWcm2u9SmRH
spotify:track:5Fw92tQZz532B0n1LSWP2i
spotify:track:0bNPzbyaT9npwhIP8d2Rsi
spotify:track:1g6C00r8f42rgdsfnwURs3
spotify:track:5724VKkEbyFYVrNUwWneEz
spotify:track:244baGZPzPNQcWCQgDAPRL
spotify:track:3KgByVmDzMkOXwtbqbqjBn
spotify:track:1nXIZY6vOyQgXNtBnou1Ph
spotify:track:6HpPsCidc2enTdicqEmu7t
spotify:track:5MULwvoltCATOJ9bZYfxxB
spotify:track:2WwnFbWZ1DrTetqEqI1HUQ
spotify:track:2hABMU63xtaIYChN6eYlEb
spotify:track:1MpPRotMSsZhI5eevP2qeO
spotify:track:1djfA7kl7SbBhoQ2rYQITf
spotify:track:0dHvGez5CZNjiE7Z5PZfu7
spotify:track:3apSWeSMRsnzOAjGoVurPP
spotify:track:13UqaNF8STsJSGKxd12rmy
spotify:track:6UkMcAA19lTdjs22jtB7o2
spotify:track:7shVwhUdVbHpykOfbzvDc1
spotify:track:0tVzXGFyNPusa1VkHmYDLd
spotify:track:0TUPxOcJc4R3PbWo8QwC3m
spotify:track:2l8kERLPqgP7p94Duj9nqH
spotify:track:2by5mqpQ1ZP2G5FOIccMnu
spotify:track:5OSNYk6Mi9qOUirq443f2w
spotify:track:73rOUGfsOp1wBhMCM9oWZK
spotify:track:4RM8nJNVD1Js0LdIARc04O
spotify:track:5SZZpQoyurEXlO6Gfeji6f
spotify:track:6f1Vke61xFftdtfxRQFTwK
spotify:track:0OM9ri37LIbPc9hffwsyb1
spotify:track:0kRF4dgARUipA4nEg6RG9p
spotify:track:3SVAN3BRByDmHOhKyIDxfC
spotify:track:2nTsKOXIVGDf2iPeVQO2Gm
spotify:track:5k7VKj1Xwy5DjO4B0PdAOb
spotify:track:2kOSDAZvCyHvm1xoYX3UfM
spotify:track:3T76zPJz3tWL27FrjJe2ot
spotify:track:6ScfVc8IsncvHya2hQCSEp
spotify:track:0bZrNry7MqVuzAhoFvC5Qg
spotify:track:7MXVkk9YMctZqd1Srtv4MB
spotify:track:2du3gY4bJg7jTryvzFNbHf
spotify:track:7KXjTSCq5nL1LoYtL7XAwS
spotify:track:3Iw6tbCYDYb3libUo3bB5S
spotify:track:0S8LgLoseDB6W2HWd1ym6P
spotify:track:75YUnz58ajMo2VIIuUFvOV
spotify:track:1bSpwPhAxZwlR2enJJsv7U
spotify:track:1OmFtS42mHtlMRHtLvCrM5
spotify:track:3EqzoIV9dOsxyNRaFnDiTZ
spotify:track:45Ooog0PMZNGBAazHZ1XeL
spotify:track:74HYrIbnpc2xKCTenv5qKM
spotify:track:48HGqy9tHAla1r18iSBgGQ
spotify:track:0ZKCq8E5QS4lRjEtFvZqZX
spotify:track:0QQDaKW7eRRoqvbLCylzrn
spotify:track:5pBJR2HRrgBrvcL7Tf33xi
spotify:track:5xI5EWkDkV9daqH2Tw7Raf
spotify:track:2mOKh7J2mRrdnkHhqpHwFj
spotify:track:58yWJFglBzvZ7Zao70lGtJ
spotify:track:2PGI8tz7m6jttZcWfRxtc1
spotify:track:7C8lGdwc6E17vE2WYNf58X
spotify:track:5jafMI8FLibnjkYTZ33m0c
spotify:track:05evePUsIT1cmIURp1hgu6
spotify:track:3aDUSpF3LexOr1lFKvPV2h
spotify:track:2UYPFtrIIaIQdxLCaFwjFu
spotify:track:2vJIsdYIthbnWgLaLD9yrj
spotify:track:3qUNcMXZBO5vvhSHLhBpJ9
spotify:track:2sNhYJ2ggd9BadlTXU3Mah
spotify:track:4B31QOL13iBeuIsaGD20BS
spotify:track:43tVqovviXhkmOV5LOkTn7
spotify:track:0yNecIrNLTIsF5ULCraPgl
spotify:track:1rW2nkUbmKD2MC22YrU8cX
spotify:track:0fAehaneUJdlSlWXYe1KZp
spotify:track:12v5GBM74fB8WsHJPQRTIe
spotify:track:1a0wEEHipnBR7WOHFA6ucQ
spotify:track:1pGAvZo2axYXAXYiSeYEqY
spotify:track:5q5kwgkzTUN2wKFXhHZ5GT
spotify:track:0AU66TowF4rbAJ1c6GRq61
spotify:track:18ycL9Q5zLDeY9M2Lr3Ozw
spotify:track:1Er5JMNcguoBMFXxwZ7BWH
spotify:track:4iLG33TT4HaVILLC0q4rEn
spotify:track:0K2fXvoSQO2l3WsVxSBwaN
spotify:track:7he52OqF36BVF6dSVKKQPq
spotify:track:5qzOJICwMtrG8j4OgVDqOF
spotify:track:6RoqsBorhEujdKokeYxo3P
spotify:track:6ulFETes8NDniZ8zRFscSB
spotify:track:5VxwU8nebZ2Dk45LEQQTPX
spotify:track:2eeXPTMbHyLsgD2V0H8xwn
spotify:track:1cbV20kTs0B9tsM4bUIQPN
spotify:track:5dKTo9zoPJdWdpc53Rmscj
spotify:track:30Vlr81xyMMM1gpzTDojLR
spotify:track:5j0lJaMMTbhqkOFWfhOIke
spotify:track:0gKzrxOXtSTwxmmT91znpI
spotify:track:4dPKQxaraW6CG1rTBzV6DW
spotify:track:3A9vIxzGBjEfqmDK7H9exS
spotify:track:6hscYQ0QETyhsUtGcIraKa
spotify:track:5wvX3aoDuGPYNv7ombAxv6
spotify:track:7Ceo3Rpq33Vc5WcOb3tUbT
spotify:track:3SUusuA9jH1v6PVwtYMbdv
spotify:track:0EXHTAsw6JyWpx0nPskVYS
spotify:track:0PUfgUefFikS4Cx8EUTRss
spotify:track:6JGgcKtyLgFAQNgog8GQSm
spotify:track:1okp2TxO5NIJp2HCYG1FD4
spotify:track:37el170lJYr5CiWJFk207u
spotify:track:1gw2QA6dnnoQ8GyJVg2JoL
spotify:track:3efoTJ8ke3MWf3FoECtx9i
spotify:track:4GeGGcyrqcShO6EQZGuPgl
spotify:track:184XCArutWtnPvK59YMFN6
spotify:track:6PUQPgjpgnVxihjXGQJBwQ
spotify:track:4CYiDZADyGrCCJJFLnAHJM
spotify:track:1dppvFRji9j2sZalSDO1vq
spotify:track:5rO5kvU1W1usB89E9kHQIv
spotify:track:2Z8bJVqBrOfD6zHp7qzjcy
spotify:track:5SYavF7o0LQAuH4VBV0mzg
spotify:track:0Bl8bDSF0h0syBY0oPIx5L
spotify:track:3DCqSu9mZcKycYtUJEgN2j
spotify:track:0c9dKVBqlb8ZSC1Z2LF7jD
spotify:track:49PWbHWgEQENwihdhBIYYY
spotify:track:3GGQwN7V29ji4whd0BgQ0I
spotify:track:3M0QK0bYdiGMu6JNoPk8YG
spotify:track:1GkZZHT9uJjdzrrksrpczR
spotify:track:1PGbA3ZZfFxripgvUNYi6g
spotify:track:1SSk8p8JlSOXniecPGCyRW
spotify:track:0wiwCdb8sWzz9ETztz8taE
spotify:track:0N7fzxjw2pLpJ9nEUq8sV3
spotify:track:5x5EyKCWJkX0iSfu68OTeA
spotify:track:4dHDQFENPSHTR5OxyI1JB0
spotify:track:5SdmtFbNOD7Qej6jFCHkOM
spotify:track:6dsq7Nt5mIFzvm5kIYNORy
spotify:track:06FCvd7rrRcF3DdvWH5Isp
spotify:track:0y9uTzK9cNKSAEHnpeRG8C
spotify:track:7L9g4cPfohScjJ8mGwLQWr
spotify:track:1H7yy9jlDYS2EBF41J6Yf5
spotify:track:1zayuwd1YLZsYDArkruHdL
spotify:track:5p3NP9mQblDsVJLdfNZJ3I
spotify:track:4iYRa2btalAzPZoSYfROqF
spotify:track:23luOrEVHMfoX0AhfbQuS6
spotify:track:6IZvVAP7VPPnsGX6bvgkqg
spotify:track:60K996dQEGHD2Wto4wB7BO
spotify:track:3bjux5yUMhWU15LhPuomun
spotify:track:5aeRjN01gMK5vGLAElgACy
spotify:track:63Kq1YNy5LYOZol4FfXph7
spotify:track:2mTityw4Ev4D1ysp5qXl3j
spotify:track:1C0pmryC2MdXfa7MZ9uIrU
spotify:track:42et6fnHCw1HIPSrdPprMl
spotify:track:2EoOZnxNgtmZaD8uUmz2nD
spotify:track:2DexIlEkLb0hKRVtyoreXn
spotify:track:2RQ3fWFZJJe4G5KkHEACww
spotify:track:71SvEDmsOwIWw1IozsZoMA
spotify:track:0VQ0n5gMgJLNixG8BfWBT5
spotify:track:4sSWukSIqnxnUmvvA7ucFN
spotify:track:3cfOd4CMv2snFaKAnMdnvK
spotify:track:17aDyX39gb1iV1ZWvD1ffE
spotify:track:7FESgYLcOufHqKlwrvJN60
spotify:track:6Neq7tjnknt4URNI8txFL4
spotify:track:7CoS15GQT0di2At6CgFZiz
spotify:track:2YM0kfevj552icN9DisbT9
spotify:track:7tA9pZtTUDmYeYBGWesH0z
spotify:track:366I9Rk2CUFafMnObR2O4X
spotify:track:2kmpyKQjVw5UOcVlmkxnYY
spotify:track:4uQ7wYsuL0DryknoDc11Hk
spotify:track:0Sd9kKm1pGGYuqSTi8lsih
spotify:track:70gbuMqwNBE2Y5rkQJE9By
spotify:track:2adj7kl3OZzJH3ydy4HS8V
spotify:track:4Q7UkPYq3NGTwhAMjfeE4a
spotify:track:2MEvYNn2tRvFDAucAtAKVq
spotify:track:0v5rbMMFfiVWKTd5pihobb
spotify:track:1etubuf4lo9ybrOBVtd74J
spotify:track:1HZG6cXItpVrBIFQae7qHZ
spotify:track:4shKsJeU8INMyv2eESPvR4
spotify:track:1dUG4Si7YMnYTFrRhqQEhb
spotify:track:0DkvKquN4PzsfDZFMYnke2
spotify:track:2PRdu31hljNEhsNQM7N6Hr
spotify:track:55LBKzyPZ0nkvp2gMEIy5j
spotify:track:0IaQgLj65UEHxnIo5U6usR
spotify:track:2EpOmpzckQRYPwacudTAIe
spotify:track:277VTZbTvAtvF1BkE1Rzbo
spotify:track:0yKGCvh3lFHp20gwVzTS2S
spotify:track:3I9zZfbeaRo9ks1MB7zhmR
spotify:track:69Dnp1tdgzGnpoMvg0kZmD
spotify:track:2iN3sND7JNguttGbuyr8pe
spotify:track:2BhuO1n4334w2hNI5nL0QJ
spotify:track:3SjFInQAgA2dI97zRMc2LX
spotify:track:6DRP7vVosv9972RIgjvTR4
spotify:track:54ndiYqiwRcclx54FMlTUz
spotify:track:3Pi9pygmunUllTjDpRg2IU
spotify:track:35xSkNIXi504fcEwz9USRB
spotify:track:11eQuzybAwOZO6aaBXzZjp
spotify:track:7sij1RXUTjEBZEkGGtWgxR
spotify:track:1hKqclHOvQ8cmQtAlSRkuM
spotify:track:3WlJ6NGd2ISxCPCV8agMM3
spotify:track:6RVfXqz6MTWPuQe5GNUJIj
spotify:track:6siVeHbnDnTFcCbcmpDtLV
spotify:track:55ZbuFRTjk80DlHhkCoBzf
spotify:track:4iAFlCKWOXL2krNJV8p8JB
spotify:track:2YudbdEEmu5NpXPLVudKQ0
spotify:track:7iEljvxIGOLzJKDbMSV8a1
spotify:track:4htwqosSCv7L4uHlau5UKE
spotify:track:1ZTDfHyxJJVBSkFA9h6GRs
spotify:track:6JvfBzqZmSiEG5MjM7OcSY
spotify:track:1h2LHhmyAXi8tPNLi806JA
spotify:track:2OTJMSpDi7ijDnsqx7l3NZ
spotify:track:5RzkcrJ2Q45NriQYE04vU1
spotify:track:0yCMPw90ktj1glQt8qZaHw
spotify:track:3ipZsbrdpNTYvN9QkcXB4j
spotify:track:1PKGQkHdHSKG6OMrJaN85Q
spotify:track:7b9V8Jnc6I8MpWFdMNkeDF
spotify:track:2hQCzcb3qyZirWzOD5Yzoj
spotify:track:00xR9dHhuaNznqB4FSzOlr
spotify:track:7xAJpAeopaV6rilu3iiwME
spotify:track:6gmjEHq54LeCdVrQecFH2W
spotify:track:6QsGIpTMP7hd6Zdzp4tCb5
spotify:track:6Bcsb8jMHvCzRSbkZ49Lz9
spotify:track:34yg2BvpUtDP6VPmZYCP9x
spotify:track:1PYgCWbTLnH2FaF616feD5
spotify:track:39qYD4J4BKvZMQgxfXl5bv
spotify:track:5CeL9C3bsoe4yzYS1Qz8cw
spotify:track:68UgZpIMcWlznVZVlPBLI2
spotify:track:1wJeeDeTzoXbrBbvtNqG1D
spotify:track:3oBeObbnmlhCDsI6FLc1m0
spotify:track:5a0X9RlE6rnu8jDCKd8YnB
spotify:track:4qXWCtkUQw1PbQOhzxONqn
spotify:track:5WukZL9ICTLfrSGVgpWKYr
spotify:track:5HgL5lsRq0mSTmGGHMoS3Q
spotify:track:6TZq6cRTBPPTkKK88w06dV
spotify:track:5PntSbMHC1ud6Vvl8x56qd
spotify:track:4mqVUkv3epcKid8O9tlgtl
spotify:track:5b9zmzULkkNBIhntA4cHBx
spotify:track:1Ih1i7MKytwmpgXxyE9fsp
spotify:track:2KGuJ2myXVX69HE9f0c9C2
spotify:track:5vVN7iNgoWt4tyqBihucgE
spotify:track:5d8pKJxoDlYX2SoFR6RCsm
spotify:track:0xgjXt81mOBfX3VgQpW5GE
spotify:track:1jyTWiNW9XHKIB8ukWxokI
spotify:track:3GdNv8J7LybgbksisOa6wU
spotify:track:0dpDthzJGthc0HN7J7mbHq
spotify:track:0OyydjTQ5lsR2yBuop33yM
spotify:track:68ivEISjQ6pxNdeXULwdll
spotify:track:7H7T22yvZMLVzJHDONDYDp
spotify:track:2zvXUc9nn5Uwer8dbWxN8F
spotify:track:6pWEpHYjx4cNDJf46g0plZ
spotify:track:035AKh3hoODUcF9XV87SUc
spotify:track:3Gx2oUDSnIU822aRILuohH
spotify:track:13OWMn8ldQRb4tsC8K4qVl
spotify:track:677PTM2mV1gIUYelRmWqZb
spotify:track:5Y6CsyJ3vyq1S1F0lbcGPK
spotify:track:3xd80KxnM4MnDcaE8bcreg
spotify:track:6Ih8jHzUdEDYmbLpg63S6K
spotify:track:4KJzJxpqE5aR4zj8LiH652
spotify:track:633TjzvG2smpc0aYgN9Xkd
spotify:track:4ZMV3AJH0gx0YKXQz51OwY
spotify:track:5HkIMCxKCqLZL2LUBwcTRo
spotify:track:4A94PZUAOUycg8JwX2BEh5
spotify:track:1D1oE9i8sxo8fJ1Jbgr3Ys
spotify:track:3WEbVTkaIy3yb3hCsphEbc
spotify:track:5h3dkNsm4MT35zRgSB3YEv
spotify:track:6nnacTL5on2aVsRhVDNUSo
spotify:track:6lJZyQ5tvKk8BtSHmOs4IC
spotify:track:5e9TFTbltYBg2xThimr0rU
spotify:track:5qxChyzKLEyoPJ5qGrdurN
spotify:track:2gD2eA45Hq1JFl1Ntlh2lM
spotify:track:0hiPJhnFoew9Qm8kOrtYoG
spotify:track:57XtpMjn5VAsvTSn9zfNt9
spotify:track:26ZDkGDpvLREcTuSHEeMqa
spotify:track:05BvBf1FhIkGobj9TXBsNY
spotify:track:40vxHcg3mSFalsyP2qMVCj
spotify:track:6Kbkge4WbvwWv1jVzSQsr8
spotify:track:0UTqMwlkHazhoNuwEBz6aJ
spotify:track:675YYZyBpk3B0cs1bNzGfr
spotify:track:5PZvQeHocidnZ73a3pHO76
spotify:track:1T9Ux4B1Jlb2jcsboQqIBK
spotify:track:2JrOYP9EYr9ENtR4gaL0j0
spotify:track:5twQjBMvQyEMekV5pvVVnI
spotify:track:4qCERL8v7wt3Al6iuY333F
spotify:track:1mJSqwNLLzSHJMozhEZsCb
spotify:track:2txGGLlJYqOg8VtWh1Y1xI
spotify:track:3LJAbP68PuVv62Q6BmuXs6
spotify:track:3bFeHi9E7mccUzry5LHqd5
spotify:track:29YLo4QnhLolDPgG92uM96
spotify:track:7aAiQwa9i1g9KDRE8buynR
spotify:track:2uQBaxUoOlkLc1jmTjMUjI
spotify:track:2abKtpdY5fZn04VcSIKBzV
spotify:track:38GoV2XY444vjtlYv1Wr34
spotify:track:3eAUhKF1EsrhhiBBhZXWaK
spotify:track:3P88yF0NQsgr63MT2NxlzI
spotify:track:2kzToY5d23WaaLTL4u9zuG
spotify:track:4TaSsUfLZPZCkPjnrKGAYh
spotify:track:6TQZtEKOwFsOnCNRr8p0Bp
spotify:track:5VuTPnWVoxIZMyefWtPOVC
spotify:track:4wkcjk9sOeWLF3pYXQNC2j
spotify:track:3gcl4k6mMT8uYgMk8xvBPk
spotify:track:3Hgz0vbpoUz7rYKZlsVECX
spotify:track:6HR45lPexFna2LFCxtpTL4
spotify:track:5OEAz3C9pHpYqhL4fsafGl
spotify:track:07humF3vTfB3w1qVd4kUZ0
spotify:track:3Xlm9LOkPk8v9uI0ESBFAy
spotify:track:2xvZ68890VrzQXPgMBtmqt
spotify:track:2EgKt2QKhU7GYCc73mBRR6
spotify:track:6ZF2mJIitGF3XWaHxz8Mjw
spotify:track:1k52S3rMJylSFY0tPW1Tgy
spotify:track:01Q3bmZL0TpbuvkZY4VBNG
spotify:track:65GdQgmgyn4kfmKBcjr5Kq
spotify:track:7rrccwDYwmNkwHSVPBcwMj
spotify:track:2EieK2FUAxikMgLoTSZu51
spotify:track:0orWLJBq2WYN04YhqChN44
spotify:track:3fYHZxwtmiyoGoAShPk0pV
spotify:track:3qXiXptpyy8oSESt6MpOL5
spotify:track:2hFoGA16zpssdKp2TuUmpD
spotify:track:7mrWbd6tp5SfPpgyR14g4L
spotify:track:6fBwVe6udYdnRqwqo06if8
spotify:track:0khi86hc79RfsRC0rrkkA2
spotify:track:3K0SJUQNbOkUprTFcwwAKN
spotify:track:0QUpBXTOdB4JJyTGFN6dH1
spotify:track:621BmKwXCNiTBfmeJtxoD8
spotify:track:1oZNh749l4OIJYgrnpENZG
spotify:track:54E4j2VeN6bucTMtlP8NhD
spotify:track:5he5lB7ZYa7EIICHn4WPOk
spotify:track:31ink8UgWSYUXz0hPasoif
spotify:track:7D77LwNefSS7QJoy68sKEx
spotify:track:0o0w7R5s7FT60liDBgxVFC
spotify:track:5JOO8UMaEpOfhhatQQsAqm
spotify:track:1962ZwEY7WNQLcmYFn3eR9
spotify:track:5k8VqtBhkbAYakV5ZEFYNo
spotify:track:6B2bgZvCx0mAsw9BLt7K2c
spotify:track:1tzPSule9WZ9B8SujHv8fp
spotify:track:6btyEL6NwUa97Nex9cZFvo
spotify:track:6EE19skJ32p58xihYj2Waa
spotify:track:0jeJR3LdrC2QJNviq7wjzp
spotify:track:7DdXf9x75iEVCHWfoRwRuR
spotify:track:7wclPheMJAUKn2njmO2s3A
spotify:track:24k9bchbSS4FXJkTFp3Usd
spotify:track:0fQlm2MUzqGDBPkuqq4U1Y
spotify:track:4xh7W7tlNMIczFhupCPniY
spotify:track:1HNE2PX70ztbEl6MLxrpNL
spotify:track:26AYR77170U49cMcXB7aRV
spotify:track:19Js5ypV6JKn4DMExHQbGc
spotify:track:1r8oPEXqnhUVgkUkJNqEuF
spotify:track:7zmVAVcT1oho7iWJGpApkE
spotify:track:12yE1Q5TAg4nh8IqWckVGS
spotify:track:390AWnOn2rfe9FzQjYmxIH
spotify:track:2qSh6XPZeV5XgCsKEFnajj
spotify:track:3U9wumbYf4WZ0KyAhr0SHd
spotify:track:1HRJZBTXS3VZr59Py8oIcz
spotify:track:0ejXUaYlMH4TmZerLklBvD
spotify:track:0ObLFkX9bnGBZMFVeLFRN4
spotify:track:2JhIaeltCDCcp02K936tgx
spotify:track:0fIPb46laKYgASy0uEGl4u
spotify:track:4ZDgRXaafbD7MTx1iep94S
spotify:track:0pUVeEgZuNyFzIMKp67RbS
spotify:track:0QeI79sp1vS8L3JgpEO7mD
spotify:track:765k9tDIFOnoOfkO2cgitB
spotify:track:1BNtFSws7fjbn9aVBPA79j
spotify:track:3rNCkAhv9cASYco3kC9q3D
spotify:track:51H2y6YrNNXcy3dfc3qSbA
spotify:track:2soBvUQBf5rbMj9HIyhzzK
spotify:track:4x5Tn183VETKxjXM8qL0eI
spotify:track:2tmMsFwfFjWQlBgY7rYvjc
spotify:track:6FDsibiR5hq7h9FATsH84X
spotify:track:68wS4qFeP4WLKg89Sx1oUk
spotify:track:4k2ix82xyGax7S8u6ODb6B
spotify:track:2OaPyH3JLuft6iuNFHFJl0
spotify:track:0NjW4SKY3gbfl2orl1p8hr
spotify:track:078C2jXg7XsMgW78Gfx1JA
spotify:track:1UBLglX9fPtTBZSwJj4yVG
spotify:track:5gmv3BgePSYiHnPJgY7oTJ
spotify:track:7FQSD5JjWqGtS1BaQQiT6V
spotify:track:0c9ImAFCxarmltq6a1jCSe
spotify:track:1y3rbWDE7AclEbcqGlOX86
spotify:track:1LZmPbAxiGWqyJhrsuGtuz
spotify:track:2EnwjJGoGX3K7RzDHyiyfA
spotify:track:0u4oQWCAC10uzCGRgL1XnI
spotify:track:6sYp7Ku0Znw6jfHERbFvDP
spotify:track:4jWWxxZiCnm09QiKfmMTh0
spotify:track:04j67XNNVu1HI7JrIlMM3S
spotify:track:5PGYWv9Xp4IraLSDs8h1bY
spotify:track:1HuAR7RyNWQq6vHwOFHWqx
spotify:track:5fpizYGbi5IQoEraj6FP0R
spotify:track:1NmvxEO22XM0Uc7iWXmBTb
spotify:track:5NiFSI8iIDtVm1NCwdYrHS
spotify:track:1OycCM0ijoTj1aGdmRlYoS
spotify:track:4UazPUFk7kiZGPlEXx976Z
spotify:track:5vRvzOHbx40CCMkmSC28fY
spotify:track:34v7cD6VR3fVYguedQ1wuh
spotify:track:2zWCsaxlGbohARJlNQ5aSM
spotify:track:1gjA55kShphSnvDCtwWXVa
spotify:track:28ilcqErfNjitJ7T3byHoX
spotify:track:22r1o9aEsXPTD47TEPOpYK
spotify:track:3cWmI7vbzykUNSa80bl4KC
spotify:track:2NMA93HoL1DkxNLbnyOOqA
spotify:track:7sgzy45LJeI5Dxx6em5Z1s
spotify:track:7wODjbGBAR6CvHFUo7LZOu
spotify:track:5iAB4tlYseBES4MKqgY4KG
spotify:track:5h40ovzXu7rF7Giwb9oXYy
spotify:track:5NLuC70kZQv8q34QyQa1DP
spotify:track:6yKldTTcSa2BdpKPEtdYp3
spotify:track:0eWP2sADBFG1hTrwJYfmMp
spotify:track:1CjF8SvW62RqoBGvIbKpta
spotify:track:3FPJEFPtR6DxmZzVtLjtIq
spotify:track:1nk2xyZVTCN5OZ4jbiNTav
spotify:track:3esuSYuXmjJGqRnDh3bZjt
spotify:track:7cFKwCSt9QtOAu6ISWAK72
spotify:track:1HfzmlAY5VDreTrJuMvkTb
spotify:track:1XBFSEr3FVpXTCetRXlYPg
spotify:track:5ezYm2LkW25YhkkTp7bC9u
spotify:track:58LflM1owDAzQkYIL7ayCX
spotify:track:0vE1E6ZNJGlCHPe95z5Orl
spotify:track:2QuhQtkWjIgUnD0osMVxmQ
spotify:track:4sA0FZOLN4c0MYmP8cKOEk
spotify:track:6HQzZVq9uQkwyxV0IVHzI1
spotify:track:5M1RPuboe0j437fjWMT1Y2
spotify:track:7MZzwdBfX8Dq0xFLFfxtdJ
spotify:track:09dE4qqrloty3SCNMcd4TC
spotify:track:4aOAzvRdOsZSwZIgwcdeL0
spotify:track:0Fl6Pl6w89IL1FWt8Uvg01
spotify:track:68DKrU7sTyDpDA5T3dsOlk
spotify:track:5yprGKAwV1GSJSiATa50Ni
spotify:track:6NvRxjfYkkT2SpirAlmsjH
spotify:track:4QbQ55kHcRNho6XLaPctT1
spotify:track:0OT4Rhd9cw1yajN9ZxL6qL
spotify:track:1dVWz4VM5QkgzHLjFEKM4u
spotify:track:6kPM1rdDqqPdPMZSzXNwNV
spotify:track:045sp2JToyTaaKyXkGejPy
spotify:track:62wdQ5CInFr7cjISqrr46f
spotify:track:3jSCUQRpZodtGLzSkaidl1
spotify:track:3zL9f8EXYCFyU6sk3ivd6D
spotify:track:1T29jDqUEV3YpfjUC05xvg
spotify:track:5jwAj4lq7bmac48652kX2C
spotify:track:78RcSgyNwhlQfoDun8QePa
spotify:track:1OVLU0jFay6nwBVaeKccCu
spotify:track:1QDSakwsFpho9Ezl4c2IUU
spotify:track:4oxMgb4bzBdC7v7az5SXeJ
spotify:track:1DzmnZxDx9C4sjIcrkmgOP
spotify:track:1wQixSSWydeLgkebOzu3yt
spotify:track:7i8BMZK89QmgxAAkyZ46WF
spotify:track:63Iv8NhccFc2qXgIsrDo4Q
spotify:track:4xAdZnFbNbqGmlke315jcP
spotify:track:4nZYj9yVJFb0yd58kxmcXv
spotify:track:3FUwg9mlRYIds7yI8frBUS
spotify:track:5bAAmMvg606QHeETYIaMXI
spotify:track:3lrvK5hat3ChDeeBJWXFsW
spotify:track:2d64G7VaZdHQuAquz5HQNu
spotify:track:06UkYE0SZ3Y8zGRFOuWGAe
spotify:track:7HqMu6Oa7jLQVDUuWiy6v2
spotify:track:7kQ0miyexmevMwUDqTomIN
spotify:track:5GoheMjTcV8xbbUUWchvjl
spotify:track:0psB5QzGb4653K0uaPgEyh
spotify:track:4vpeKl0vMGdAXpZiQB2Dtd
spotify:track:4FEUoGEmytDfKURalZlbcv
spotify:track:3VZmChrnVW8JK6ano4gSED
spotify:track:0jHkgTtTaqg5LNCiYDQPUB
spotify:track:5npUklKUlrMoY4dzBEVWCn
spotify:track:2DcSehEocZhDogCJKCnXb3
spotify:track:42vYxMAWsFpBOS7hgAdzqW
spotify:track:6aXGgKVRGXlMqQYCIQqo4s
spotify:track:2cXdUg5c57C4b2qLCqHAOX
spotify:track:6s4xndGKUhW0xXPYvFlwcL
spotify:track:2voXNGgRrosxCJA6foTVau
spotify:track:5xLDmkobOw674TLTBBmnuN
spotify:track:2yOm4lN7aTygtXanJFNFWU
spotify:track:5ljnOdrl3v8oYC2Llknvna
spotify:track:2dnPoLlcwJFtFm1pps3Bm0
spotify:track:13fIg7eB5MP9slSQayHhjH
spotify:track:4cVWa9vuwfPOukSIZN9012
spotify:track:1mC7u32zemMLC1mVOU02Pm
spotify:track:0JukF7Yf5qF10ntu6lpJ5I
spotify:track:3UGNdLrhhsK0SY9gNqe8TT
spotify:track:6dW75XbJ1WAMljOXWjTK46
spotify:track:0kN8xEmgMW9mh7UmDYHlJP
spotify:track:3YA7i7hvNDDplDT79NWLUr
spotify:track:0JXXNGljqupsJaZsgSbMZV
spotify:track:4z8c9qkpiYghn6DCQ6yA0u
spotify:track:25cUhiAod71TIQSNicOaW3
spotify:track:5OFKWrKbS8iTIGxgjyHDzW
spotify:track:3IE18YO2S43QB2sPwYLBjf
spotify:track:6Te9dWPvMfjPAOFDQDVt0b
spotify:track:6a6zCBKwuZPO9S0rVJLVDI
spotify:track:4o1DKiMG5yVeNEX8mIwHH8
spotify:track:01MBhRpvFkbeRwAp7gcF2W
spotify:track:5txrJzhPIrRqfvtnvZGcbX
spotify:track:3DgNj1aYbSRVoVO8yX7DRt
spotify:track:5hueEQ3HQDsITcHfXJMK8Q
spotify:track:5fkfwMczKZRdkfJOckvyAL
spotify:track:6Ssx7q2PcTkyUKmPajkls3
spotify:track:4GEeJCXH8tQPrRqAHi9PIz
spotify:track:2ENWwVhwnC6Ng1qNfKJXmi
spotify:track:4RU7XLIii3GOGdxOqIZCdY
spotify:track:5cCQh97gFSb7b8M9s3Td4w
spotify:track:6ZXknFFNwndmQqOYM6hnFI
spotify:track:2hWMxtoGSDWHFRjXRu9BuJ
spotify:track:3cjF2OFRmip8spwZYQRKxP
spotify:track:4V3N5LvUOh3yDPP16cwAhE
spotify:track:6MLMpyDXDtOjKbkYKgG5ac
spotify:track:6TjUg1cTUzWHbal6yQAi7c
spotify:track:64P3zpRsDHIk7YTpRtaKYL
spotify:track:7zgND5V108SCIwjhLZD6i0
spotify:track:4cMbAhrwsZsAHceaGvZy9y
spotify:track:3bxBoOY0ykwzqtJS1fy0bs
spotify:track:3YzN4jzCf40pRbQ8EuWAoo
spotify:track:0aoQV1TuaTrcpJaMfJ3wgj
spotify:track:0m2sQPwTOz33CjBpxq7nPy
spotify:track:1pMDQi822J0Ye7htQFa1h1
spotify:track:387VJYkxRuubOM2X86abUq
spotify:track:61sTdAekfZwZOeNNJOnF1N
spotify:track:7io3OjJA0cdLVrHvvtAOIp
spotify:track:5zitPHwFth0QZji0s7Q9uP
spotify:track:4t6uKU2glw8UQ1PnFwcqVB
spotify:track:6SZsceB7m0T9MLPxXi2mLQ
spotify:track:0veEyyqy38Q7uPAbmpKBem
spotify:track:3l0Tv4KO8u6SavtDH9i2sl
spotify:track:3Gzach1P14oPtAmyXNSYKT
spotify:track:0ypVqrqO712TFW9n2Bng3y
spotify:track:3G3ippxskEoFnSpI2xlHxS
spotify:track:5BaG7RN5Y1eQt7UECvSSTj
spotify:track:1GA5txd0DVsOosyHbrxIz6
spotify:track:0L7urInJWJwBXrVeunHwCU
spotify:track:2wXcVKCcB8btTGF9HR4Chk
spotify:track:5bMWUUnQ1mkVS0Xc37S3AG
spotify:track:6akL58jOFRUs3DdoF1tUP0
spotify:track:5Fpbw9DCdROeT1JtJWi7lR
spotify:track:67352yf69i1XT9P1QlFroj
spotify:track:1GcdexGpXcR9dZhhRj5zAr
spotify:track:3e3w6DAhBjhAZ4wCXu6qnV
spotify:track:45Lr3ViH5vBh2kuKpHP0xl
spotify:track:2Ud3deeqLAG988pfW0Kwcl
spotify:track:4ThTvhGNae80mrLsMzs4Hb
spotify:track:7vLGA5esH3V5STRGXw83wP
spotify:track:1ru5R5iSawvuMELqKXxLjS
spotify:track:4agp6oHofabdUedr0B1krj
spotify:track:1RC5Mb0VhnlhnMlFDnrvE0
spotify:track:3dnY1Rl8JnjP1ZDFGrDzfh
spotify:track:1hxq7kWQnwdhxgpEugBMGk
spotify:track:6gU7ohksNd6LsEJMWfDRhp
spotify:track:21Ay8Y9Pr91nSauPGtK6MW
spotify:track:2eNSieyqDoZMa3yOSagR4q
spotify:track:2V0jjmmJBqy7bF6RZtVpSV
spotify:track:28D5LB31qeAjuJkUkSKMLF
spotify:track:4gtYcRqRgIiyjdE8cMswu5
spotify:track:2c7H254xlKoGhmZT194C0T
spotify:track:5YScXJKtefsgdskIy60N7A
spotify:track:28yT0sZlkqStSByo1j58J4
spotify:track:6qYq6JxCTwtd3jAonVrdkF
spotify:track:3SBypTHvrB7Dc7Jai9FmI1
spotify:track:1kT98EvEH69ectmq9Tl36w
spotify:track:3HIE7YbaGwUxTEauJYUgDB
spotify:track:7zn6kgzQb1stc4yId6QHii
spotify:track:07s4gunupLyKvqFQY5KfHP
spotify:track:2GMDunXswOwqN7IH8eo01C
spotify:track:13pdUwjoRogypO20Ab46kw
spotify:track:1pUNLyMcgrGoyRxKwyQlCm
spotify:track:660j84jp8ljIwLFiAFprlb
spotify:track:09owruFWkS2w3SXKdbmBbw
spotify:track:3rnxFet7eHPf4ZKhoghdo0
spotify:track:4ZD6SiaJi75smnel0d7jl3
spotify:track:6P85VXy2xo5t42Qc0P6uA6
spotify:track:0kWF1tkwk2nVxtdKGAmwtw
spotify:track:0tS1ikaPjdU8JTtoCHrfjR
spotify:track:312A8WfROSLvZbMDHBUPDp
spotify:track:7eHt7rcLWNXREbck9PAsHA
spotify:track:7if3aNoVuQUX6WS0np5xLO
spotify:track:4s6nQreOPpPnEzTULzltQf
spotify:track:1RmDBUIytXzroJyJFPCN6g
spotify:track:3vwST30FQzi06Ay3ZG3cMp
spotify:track:6f1S3mOpU4TeoTZOJCmRXl
spotify:track:1yaEIBb1Ify3Yrun7Dbcb0
spotify:track:02xlFhU7xlMJyFeHESuf9z
spotify:track:5lZAzpl6XoswhDz7BukTta
spotify:track:31nfAAcvpMIgB5m1AsX9Lu
spotify:track:6n8v0Xqt1hq4q8IEu9qfSz
spotify:track:4DUFwRUFUwLgvZ4Sd8plMf
spotify:track:0USzO4npLBEHOlPhWGtbxj
spotify:track:1ExRxAIsaxnN4OU0wnW5h7
spotify:track:4XcQgo08JXbqYE1v9ccRiK
spotify:track:71O6lj9OWTWrnCDRGpICFG
spotify:track:0ZJGH0aJWdaQdeP6Np8vg6
spotify:track:0ypyIQO9bJyIb9Z0WUFGNo
spotify:track:0jQo4t3i45N4v3bGATGW8h
spotify:track:4QbGm7DOhJaLK1qQObe5tc
spotify:track:42EHeuxLqm9tErRLWTRQk0
spotify:track:3gQJ2wMyf6mXxrlHRsbh4M
spotify:track:1cOW6wP4Fov8H7JvFcbsx3
spotify:track:4pU9OwAXdwghkgUhaZQQ3Q
spotify:track:4CHDLQA19PRKRCtpBIzASe
spotify:track:0xuXRQJfxmdP6gvfDe2Z4L
spotify:track:32OlwWuMpZ6b0aN2RZOeMS
spotify:track:2OTdfTzu0VAmnykkQDrFZr
spotify:track:2NmNknhvFBq8DKGsj1DE7I
spotify:track:631U6DaszJisq3TiaQ0vTM
spotify:track:5TyMv9R9sjqz1gYm9sno46
spotify:track:1uIsJdRjJ1G2GEWZFjtpKq
spotify:track:4dN4THqbmDUY9RGao4pcu8
spotify:track:0U0ldCRmgCqhVvD6ksG63j
spotify:track:66pNsext6sLrqvwqdBHUyX
spotify:track:4HlUH6aA6XyYvGZUO9HHHB
spotify:track:58yPYBUHK9UjaxXgNcv9Vk
spotify:track:2KABdGkeZfUtePC5464w6D
spotify:track:5fmvZgUFuUq1SnzT3S6y4o
spotify:track:6T5UMetPqrN3YKK2oNZnr3
spotify:track:4NtUY5IGzHCaqfZemmAu56
spotify:track:0NSbiBKXoODbsPwjSivfBr
spotify:track:4Z9R2haJASztRkUgh1Cgai
spotify:track:56l4CzpusvjLJ1LnFl0KX3
spotify:track:7I63krPum3VHEKQYk4SsE9
spotify:track:61lTqPTfbBqg2y6p3e0qt9
spotify:track:7yK506fgse6qsVjSVPWrKc
spotify:track:1cl0UOf8sDMhp7t4V2sH9Z
spotify:track:6wIhFBaiFGjjQhTJxRKGvo
spotify:track:4qCrQW8GeLDk7ECJiMvGTK
spotify:track:619bPJZXSzqYi5vysR51Sa
spotify:track:4UnEtS6TZK2OpCuFA9ZNry
spotify:track:5oXm58OdnsRPy2wyz3ES5u
spotify:track:3q9Yn14sb1renGgM9sRQFm
spotify:track:2f1dCXUfGihoXwMl1XqUx9
spotify:track:6RmCfB3RNn0njEXnB2HNPu
spotify:track:1JWnStHIUxRqiNcz3AF0nf
spotify:track:0z8i5oCBPR9MLFrvxO2JpI
spotify:track:7j5tgZtSKLL9LoRikWvPG5
spotify:track:138VlAnAb956kXRiSQCy7Z
spotify:track:7Aobt67JnaF7qN8jCCKvHq
spotify:track:4iwChnVkJz2STSniIn3QMR
spotify:track:6mVD1SfTvlFAPVi7txFL5H
spotify:track:6u0x5ad9ewHvs3z6u9Oe3c
spotify:track:2lB570emjrSEu8yti6irfE
spotify:track:1MHYAqWWdDRePmnqORynrq
spotify:track:4dwrL3Z5U2RZ6MZiKE2PgL
spotify:track:2WfaOiMkCvy7F5fcp2zZ8L
spotify:track:3uPfVXcjnpOjyzI3jb3js4
spotify:track:2Iq6HhIquO7JKr0KfTNLzU
spotify:track:0eG5CqXwJpa5MBjYyg1lRm
spotify:track:0RnDu3eYJqbFKz6MHv2ajd
spotify:track:5OQsiBsky2k2kDKy2bX2eT
spotify:track:5Fwif6oyL2EjXAFTGL909U
spotify:track:6VojZJpMyuKClbwyilWlQj
spotify:track:6HaOMYxK6faU2yC0FMF92i
spotify:track:3CMxbllWiWlc5jjXwSa3ah
spotify:track:3ybnE4TJD5IdIsV7hoy5UZ
spotify:track:6HmTNg44SuMjv7o0PvM1Fs
spotify:track:5M3Y9Bb6Ooy05ZhYVkKHnS
spotify:track:2QiIQYOKNZTBsL4jYf9wPM
spotify:track:7HTMPWcYMq81JhQPJUfadx
spotify:track:6rPjCHGk8k5zcEbMPX2mBU
spotify:track:0tNuJpBgtE65diL6Q8Q7fI
spotify:track:3NH2FJUSV3HGXZRtOc3Uwj
spotify:track:3VsNds657xlzgFrbmp4Up9
spotify:track:0n2SEXB2qoRQg171q7XqeW
spotify:track:4Lvc9SbPc0svm9TEoMgFzB
spotify:track:6dEnpbXyamib2EJnRhTt0G
spotify:track:07AjyDeE85pDr4Dj8BzgWB
spotify:track:0iSz0miib4EQMec49RU4D2
spotify:track:76Gmfksb2uBzx5N72DcHT0
spotify:track:06Xbkn7jJHnuCixVONbjQT
spotify:track:5UPBpSqBxZzMFQmdMtYOee
spotify:track:2eskO4PG9p6Kt6r6TsI74m
spotify:track:5OqmLY18KXsZR1aGrXP3ZI
spotify:track:7861kBrZ5aw7o4NfggcyYW
spotify:track:4l2Edgdj4vla02GCh7YyAv
spotify:track:4hvxrI9P7c480gW0arZn3d
spotify:track:1SE6TJ450AGNqhJX2njEia
spotify:track:7ygpCfPlASpfkwmv8a5anI
spotify:track:5YSI1311X8t31PBjkBG4CZ
spotify:track:2md2i5QvelRFnafpnd6LOg
spotify:track:1AfYo6cKm3yHsJHdmNoGO1
spotify:track:7MSIJWrfdJtZpC5QqADBpR
spotify:track:33tvIvt3MUGa2aSiwZ8Eeh
spotify:track:4mnvnildEMsGIQtgTBdH07
spotify:track:6wBxoMZPJ4sKzmzbub6PMj
spotify:track:2gdtLnVGGg80Kj9GiqP0vH
spotify:track:29UHuao7AZ79dWgHNYGh5s
spotify:track:0ZyEHJ9xFIcaq08ePUkms6
spotify:track:1R0e4UjiRmtWIAoWJx334e
spotify:track:7zeCIWu37bKFJuem8MTyM1
spotify:track:3RvaJkMZ2iqKuLNHe2Mg4O
spotify:track:5xpRSf6jKzI8RqOgOyQGVW
spotify:track:3UOUhW9wXM4u7gQRLLjFeZ
spotify:track:2s2dSgs95qE85C3EKyU9L1
spotify:track:0QWaNkCeGBDhCVKpzcXPf7
spotify:track:4EtpS2pEMtzrsIfF8trN2M
spotify:track:1oNIc6OPdmi8nD1dYMQQSi
spotify:track:1ghaBtBdpuZMg5nV9E2qRU
spotify:track:2UKFfgU49YxEXECjPxXAdU
spotify:track:5YTx7DOoXJTqpV8WeMP21g
spotify:track:7LuP2jzy2O6vY88rZomrZE
spotify:track:4JIWHAkWIUBe7F4hc46w7I
spotify:track:3YlFtz805JwhDGy0fLasBO
spotify:track:1emR8zyUVhqMkI6HEc3cTU
spotify:track:3AXaF9DYCEVxvITSzTxSBa
spotify:track:0Eppx2NsXdOVgkOLGnWlR8
spotify:track:1EDFYVa50sXCyhRK6NNgcp
spotify:track:3KilzvBJzTrHRnYRVTuIc8
spotify:track:4HP7G0lfGjdgiwIZkzlPYf
spotify:track:6Z9cR93Ct9EpAph5GciqoS
spotify:track:3aVy0GBb99mhVH4Kpxnnnp
spotify:track:0Tlqpv9J1JyXBmW0R2hCIv
spotify:track:7cUDCxfjQH7y44vanFEoUz
spotify:track:0CsmWiwg0wKJwtj3SvElNq
spotify:track:5FAacBChaLWMAXNRmM0yrY
spotify:track:7gd7BDwZWjGXD6CfX7KQcF
spotify:track:6QWE5mVCTKkViVIFHFBlgz
spotify:track:0eVnhQNFTRZXOIhHZNLX85
spotify:track:63wvuPWuliBn775jGiPB7m
spotify:track:5oiueCPkJCU9wCmQO5HDTj
spotify:track:1jhluel6ujMGZirTF9aBWN
spotify:track:3BaJ1Z5Tn1JEFzN58qz7ll
spotify:track:57oZ05Syg4Si8UDHHQ35pq
spotify:track:7Geht7uyruF696KZc4A1b1
spotify:track:5cwtY6Oxhd785D0E8mSpTq
spotify:track:3I6IC4m5a0yF2AgxLMzrs7
spotify:track:5DyEGDNVFzXPGbXX6nJrpm
spotify:track:1F7MXLxTu6WZMRNnS5gG8v
spotify:track:7KA4W4McWYRpgf0fWsJZWB
spotify:track:21yRtB6B8EMounImAfHRCP
spotify:track:4bEcoz1OcfMgUbp2ft8ieQ
spotify:track:6KuXb26rHuRy3ZDse1VRmx
spotify:track:5WNYg3usc6H8N3MBEp4zVk
spotify:track:430qNtapCS3Ue1yoSql1oV
spotify:track:5SxlUF7J8tyFIEF22EomeP
spotify:track:0qtK3XwbuG153dmwB8iepL
spotify:track:33i3xxHB4YSYGYbtJrwwO8
spotify:track:6ACiYjq5Q7e6BlhZEHz7cd
spotify:track:4KgTrzmfiWNcVneh2Dd1Ou
spotify:track:39u2PsqrAZpZ0KPx6CjasV
spotify:track:4XDpeWqPADoWRKcUY3dC84
spotify:track:3R1Vu4Ws7UitwDxDHTol0P
spotify:track:4Km5HrUvYTaSUfiSGPJeQR
spotify:track:76Y0gxtTxN0FyDCYh5qYQj
spotify:track:6p8NuHm8uCGnn2Dtbtf7zE
spotify:track:2K4kREO5YPKNwO7OiWNd9b
spotify:track:5Sodk3mkwv4Gvp2sF3obaE
spotify:track:41RiTUEXw8uoCtLd8pcHVy
spotify:track:4vE0Hc0HcvPKp5njGjgEAx
spotify:track:1K5RjfNOb6OLnQcAUv6M6b
spotify:track:4dmh3OPtAhbEybhGoOG9TE
spotify:track:1OYjATyA5kqLK3CfYfvg3y
spotify:track:4qfUlchVD7WM4JhA5xio6m
spotify:track:7bp5DfkdK1OAvNJ1U4HfDA
spotify:track:49oBdxYIdxmNguvXzYYI88
spotify:track:4Tq6vGhVNFpkHc77IH7w4V
spotify:track:67rsjwqaCqIMiyVUeNMSgn
spotify:track:3RTLib9CTtOTF9lLYlQgYj
spotify:track:7dy1n3TtiCfmCYG1EeAXGZ
spotify:track:4nrtpcADOuqWduRHRoyIWj
spotify:track:2M5vazCgRluCnzeHoDQtHR
spotify:track:03ZwNF6FTvazNuOXNQf8k8
spotify:track:3gLe1SDGLShBTQr0BAwDKl
spotify:track:6aEkehn1UrYfdjpIRCuzVO
spotify:track:0HrczRRagU5H1nSFltS4At
spotify:track:6lTTzSk1hRrxp4VMwXBp2l
spotify:track:4SMMOGaeYvIvjSbq7RRdrk
spotify:track:6Q4m72Zmjc28NUgqOTcBoT
spotify:track:4qQ8sToR3GNossXlwSlyKz
spotify:track:66rdeE4RdNDIo1QJ15lbpd
spotify:track:53xj9fzUCDklnQ7cwRI3dT
spotify:track:6Qk4HgJOqlH2XVQRaQFjEQ
spotify:track:2lhdeVhvhvT7lhkrDtUeuj
spotify:track:3O6J5rff7v5r0jpaIWWXKw
spotify:track:2S3aOyAVagzfmE0DX7c75e
spotify:track:5b7OgznPJJr1vHNYGyvxau
spotify:track:599FkdQJIhJfZYOSvFrJ35
spotify:track:4ofdK1DnJMVs9t7OMBedgP
spotify:track:3b3cIJOxdljXrfz3a3ffgK
spotify:track:156DSizodiD9RkpRrQDzvI
spotify:track:3i44dcfblcbAAsJDhSZ8C6
spotify:track:072bOPlll2Nf7PJuehs5SA
spotify:track:4Am6joUihH3SWHk8eu6fmc
spotify:track:7tFiyTwD0nx5a1eklYtX2J
spotify:track:7hQJA50XrCWABAu5v6QZ4i
spotify:track:57JVGBtBLCfHw2muk5416J
spotify:track:11IzgLRXV7Cgek3tEgGgjw
spotify:track:54flyrjcdnQdco7300avMJ
spotify:track:7h2yhVxcZOGyQdOwD4Hu8J
spotify:track:35ItUJlMtjOQW3SSiTCrrw
spotify:track:22PDDxasXyFMek05JaWmVC
spotify:track:3qFTqz2IW4C9pRXPiijwjt
spotify:track:16EyUKbpib1iHyV3qa0HYH
spotify:track:15ndeIwAaYeY86sPCWMGwf
spotify:track:5QqgSUN4pcoXFIrPKKvftv
spotify:track:0OpJzqZmaSrE3LvGvWa32P
spotify:track:1HmzAZUvhQLhLo2z3ocpZI
spotify:track:1bKuA9l8aAll9015QyjL5o
spotify:track:4J0kN8QS2esY6cWBsFjtW9
spotify:track:12TZzfqJyY3UvtZ3lq1WmY
spotify:track:0kIpcu3DQacQObHVyra9Jx
spotify:track:790YJcgHlN3SaosQCHlWzn
spotify:track:1AwRWJXurNEFSTwQdViYqD
spotify:track:5lI8wWbYEwDuph9hoPd1s6
spotify:track:0hpe7o5pdxzlTXvdd0s5CR
spotify:track:5JEOUFbvcqe06BOo229jgF
spotify:track:0uHdU5OTm5BQVGiwLkvGyi
spotify:track:3wCefBGWumREp7gZE6ygZH
spotify:track:5BsfxG08SKbFzEhv2UXuiW
spotify:track:4JehYebiI9JE8sR8MisGVb
spotify:track:5cXtT63OTadsjqfRkm5Dwd
spotify:track:5AgTL2WmiCvoObA8fpncKs
spotify:track:5FrZ7yn7HFJ3i41VUj9EBR
spotify:track:3AEZUABDXNtecAOSC1qTfo
spotify:track:32lm3769IRfcnrQV11LO4E
spotify:track:4kNvYhyl8R6m1vykVkcuBu
spotify:track:2RqkU8EcbTQJyg1KSIneN3
spotify:track:7qAxUGwdoK65JbsfoOq1sA
spotify:track:6n3HGiq4v35D6eFOSwqYuo
spotify:track:17SQ4n6IxM3DoOGtrRFB4l
spotify:track:4PziQcpNYTrV4L2MfX9ZN5
spotify:track:4i95WTacwOWK6ave3Y3I0u
spotify:track:5v98XLkj6tkKy0D06umqDe
spotify:track:1xPVaZBBA8GO8jNIFnSkVm
spotify:track:0FNWkaLLOL5mPJom4O0ICu
spotify:track:6LUGvXEAK8WxIBYK43uoTb
spotify:track:1OubIZ0ARYCUq5kceYUQiO
spotify:track:3akMs3niZyK5rw2Ekyoj7Y
spotify:track:1c6PEv6hW9thHOyVsdYyOX
spotify:track:3UX6gkJcxopypFNdVYP4vA
spotify:track:6gp6sejiJXYU1i6xHPf8hh
spotify:track:2gxWDactYnIml6hjjlNkcI
spotify:track:629Cjw0fUyZUMkBjnjttDR
spotify:track:5cgSWdlxIelg5N9OjfkRow
spotify:track:27szvF97Tu95GxN98N52fy
spotify:track:7qzuwMS8wVfmoC8430eilc
spotify:track:7iPszK6Q6kinprkJnRDmPr
spotify:track:5ZOaA9yit0M74OGxZ0hR5A
spotify:track:0A7F2NCOI7g0uDaDiB8K1X
spotify:track:6V3cRxxIGT5mOJX0xjjjqn
spotify:track:6ugrRFZUNIpLiqhLUgC7ix
spotify:track:4FKt7um69aJ3pUSYoTvoyU
spotify:track:5KBh3fUwv6xrDFO6wZzmFI
spotify:track:35TaaWIRV1bTuWvgJ52dsf
spotify:track:3zeUsBriXyndNol039cCFE
spotify:track:5DwS9pSZxsdyRHoJ8K3ABi
spotify:track:4ZOv9mx6Lz7RRaBFi5UNaE
spotify:track:2PSbu6DK0tnS91kXGx8oHc
spotify:track:6Xz3oZHW3tl49ENc1hlDQP
spotify:track:7iYlacahYFEKx8cpRNC2Tx
spotify:track:7thpkmYQjsmilZSddZQZOg
spotify:track:5ZZuiMFxl85qakgTZQapsc
spotify:track:4Wue30qYZlIjAJfdIQXyv6
spotify:track:7xtC89YfFii8Gz7qnI9oUv
spotify:track:5Zo1aVDw6qLTQef5q2cJO1
spotify:track:6cQxTpBjm21BRPWjigPgdF
spotify:track:7aRJmzl622nk2qhnUxc1fV
spotify:track:014S84Cgs1uGmWOIW6V9U9
spotify:track:5NZ2Zx6Vob7FjQm8bdHVFr
spotify:track:40LeDVM9TyrlIIrbJg7MHd
spotify:track:1Q9WtjLnMCSsdVdKxAWtLy
spotify:track:3okj5Ww1BYh7k5VsBFXUw3
spotify:track:1zoQsi53rUb67HEo5Kl5DB
spotify:track:4GCPraHr5x8QXld5VmbfLm
spotify:track:6Nle9hKrkL1wQpwNfEkxjh
spotify:track:6R6ihJhRbgu7JxJKIbW57w
spotify:track:2ZWlPOoWh0626oTaHrnl2a
spotify:track:3xKsf9qdS1CyvXSMEid6g8
spotify:track:7eqoqGkKwgOaWNNHx90uEZ
spotify:track:19YKaevk2bce4odJkP5L22
spotify:track:1fOkmYW3ZFkkjIdOZSf596
spotify:track:4YZbVct8l9MnAVIROnLQdx
spotify:track:05tFLPSXJ1BbqIXy4Jeqfh
spotify:track:71i6mza2HvksyZV74y26wI
spotify:track:7MEGee2yq9oWZKpxjYlSyW
spotify:track:0oj7OCz6w5uag8SADTycDf
spotify:track:0mUedNGnJS7HFMBsU2gH0l
spotify:track:6zFi7AW9m14cGn9Kk5TbOg
spotify:track:20mUVwCxR1x2d5SuBRGW1F
spotify:track:07SySWCaDbAG1AJWF6ougc
spotify:track:2NeE7LDcdgDWOQcRNUDfEk
spotify:track:4vKo68E5YUkdAD3lLHXh9B
spotify:track:5Wsm5tdwdomrCnEe41yxci
spotify:track:669nCyOuzWpeMakrhfsuNj
spotify:track:3Y0aH6PGDDJCzKIw2pKJkM
spotify:track:0ER7kycqJQouB2DEnCNDMx
spotify:track:56VfZOapZ77oLZk3MA6vrU
spotify:track:23EvvO9GfQj1RfGjMQ32DR
spotify:track:4swhkvAdmfh8CaH8ErOCUo
spotify:track:4IXyupl1mO2nYEzG2t2JT4
spotify:track:5GhbbWJkcSp16zLL66WlzV
spotify:track:48R3qI3RTcP2cBFUkTNCAx
spotify:track:2frSk1dhQY8zL6MZxJByUE
spotify:track:5FRxsL2v7OjniFvFi4FAk1
spotify:track:0EBDZuBZYXWIRO1bBKXCe0
spotify:track:6S1e4WzoDCaZEBOUAG9E0K
spotify:track:2Rh3jp3Tnh8pIEpHHB2JJS
spotify:track:59fvJNbJvUZ340IDUsFqxx
spotify:track:7egTKPYxbWaaV1jEzb1rHu
spotify:track:1QtdHvQeFgSE7R7AuLPccZ
spotify:track:7MWfQHnQPcPW7efXl13p6i
spotify:track:0PLPaKenYtSzscdwlzcSnR
spotify:track:2Fquur9AB7HS3kYTTQxj8w
spotify:track:6IItT8QbI04v2QcbqGbUJe
spotify:track:468SjXiKfzS7Z1U0LWiuTX
spotify:track:6Sky6VWGUEb1zRARXKSkAQ
spotify:track:5MhIRaLsqRcasPFK1xTla3
spotify:track:6vyM3OdtsywrPsJeYqkdRu
spotify:track:2UTtsUSnpSdi4QlUXKH9k5
spotify:track:5me6HqxmluhLSc7DU6Yxdz
spotify:track:2mPMTj4iy72FetiUoZLro7
spotify:track:0pl7jv2Dyuduu9pE0r4xFn
spotify:track:6tIxzq0eSe1k5aFZKPS8xj
spotify:track:1MRcH8y5N1q1015ik6J88X
spotify:track:4ha2zrefZlqoYJQK3AfwfM
spotify:track:6RYT2gUb2mUiVfMDbXCdeu
spotify:track:3LAvCzBpgK56srPYbMljJa
spotify:track:5cfGJHxNcS1S2qyZj9xH6z
spotify:track:50KjvVYMfD3dik1Rkegkjz
spotify:track:4xRWaLJAjDQ4yS0TJwzT1B
spotify:track:04h8ffz907S09MTRMccI6d
spotify:track:0ec1wfr02U1XhVorFOYsbP
spotify:track:5hTpBe8h35rJ67eAWHQsJx
spotify:track:4HW5kSQ8M2IQWZhSxERvla
spotify:track:4X70hLzIDfY5T2BcsOcv6Q
spotify:track:3nVDOYBJpdCkRR6r1DbZum
spotify:track:3zKQ7LvEHjW3v1e2MTBxU0
spotify:track:5paeaGXCDvRkMkF1rYuSm6
spotify:track:3Lr9aRWF57Dd8NsjeWTKNp
spotify:track:2uSwMfdqT9k79j5Q7wAbgF
spotify:track:65rqpfpniwN2ujxzquOr13
spotify:track:4Xwst646GZhwqwBI7QTqIP
spotify:track:5O9uS3g4ol0JqraYeDMg5z
spotify:track:4SvhLL809LQaiBJRvAZdyH
spotify:track:3n4cCOBMqolImjZXPwWg1f
spotify:track:5v28YlywpNDptpicDbFvK0
spotify:track:6wKIO4tGPfHG4MfO3HDOsv
spotify:track:1LrDJXHbHxlrKiiSZqb6oX
spotify:track:10S228aNH7mGB1jDcPIub7
spotify:track:06xanjqqZbTpMECVfE3b1w
spotify:track:4kebaMUJlFbzPacKwcAGLZ
spotify:track:5LzUdQ1YSqZaqBQ4TAZGbQ
spotify:track:28bvyDj3R9pNU96f7hTF2W
spotify:track:0SeCA3vPHuXGP6sizB05ZA
spotify:track:7th5cSpLRONE5nrvzkSiLS
spotify:track:0tdhaGcTo8XtIpizS2sXm9
spotify:track:383MxeoXVw7bdeBKEz68Po
spotify:track:0ksfRvHljT8MW9dlhmQMia
spotify:track:6Hpy3POlu3hqza5bN95Eo9
spotify:track:0sBqNVnk1Z8VYfQMkHGskp
spotify:track:7qWRxZQ6YTNDxUV3MRuZiV
spotify:track:3X4a2AYRrq5H5QWySInuyU
spotify:track:6xBv2Rlq9DiYeTBFno0uR5
spotify:track:6NiCAvbTwwW305zhHBfS6d
spotify:track:2JBCRQHglccEoLT1xvwLoM
spotify:track:3Zb3SXZdtyNA0Cdq0DWLeC
spotify:track:2LAuqwiyLs3vKw2GTcDl5H
spotify:track:2tJ5nxeNIFTNGSqyFvG8Ov
spotify:track:3l3Wh4KRKll7nFdpCFfDe5
spotify:track:5rNaSws9k7wzVLOyJ508IO
spotify:track:1DprJIKazijA5UkXiR6oQ6
spotify:track:75s7uFrBUhwHH4sVbsSn0a
spotify:track:6rOVbgBB8YTpUrrSflSF2O
spotify:track:6kVGpBhaHX3PQWaQ7tEpe4
spotify:track:63sRp6D7pwO5Umrb8sVWrO
spotify:track:46rTa2aNbVMfTzaMo3vL0h
spotify:track:7sGdAmegA4tEPFaW21ImxR
spotify:track:454NMtwqt6or34ZZSrsZ0i
spotify:track:2gcqVTesDy08DOB2rV2Odt
spotify:track:54JXAkc9TFvlpZDpcgsNAS
spotify:track:0CvCoCb4HtUzLAdziSIT5V
spotify:track:2tvoIQqGv1vnJAA1fM8cEk
spotify:track:4eUwprTmYFNR9SkbRiWV7x
spotify:track:3tFQ4Zz3FKz3s6sCdY1mQg
spotify:track:1ISckPYj9zSrjGv3oES9iw
spotify:track:5nB8x0jxofKalTtaQLpGZL
spotify:track:4D2oxcrgtaRlzpGwUVSKkA
spotify:track:5Jwn7FaCOEvJmiWQACIKZ1
spotify:track:6ZnUeaJSgc5aRmRWfjOkH9
spotify:track:4bywwz0p3efDEKdiTX4qEc
spotify:track:7xdx7TGtG8InqIrFiVKlF5
spotify:track:6CES1554HcWMIVroJfmmBm
spotify:track:0scQIzgcOhnmfqfOTpRUFH
spotify:track:5HDcQM2yGnrtHjcYKjp3x4
spotify:track:1K13OsIMc0HLgEJHZoWH78
spotify:track:7FqScuVJysPgwVFcepFJks
spotify:track:2UNHhozqXtbaq3HA9eQVfV
spotify:track:2GiJYvgVaD2HtM8GqD9EgQ
spotify:track:35GS3Vh3ouARXMpsmZeXJy
spotify:track:1huRm0I1QxVb1pJziyCSRh
spotify:track:5HxaMB8Kqx17p81RXkeTCR
spotify:track:4PI06cKGr73DfLCiSZRAU1
spotify:track:7BhZDvzJV21Dd5bY9xvtII
spotify:track:3b1QbmDwQ5ktqjL5rhAp6N
spotify:track:5Ss3GTPpe4swmaARmDH1RC
spotify:track:1C5y01TDUpc6j1hOLS79S1
spotify:track:5cW9OyV8C701YkRENJH5nI
spotify:track:1xNJCMrQCVoE9Jb5GHLSXj
spotify:track:0slNmVeSKrqQspVDxsOtdG
spotify:track:5KmMMmc1pXL5lL4HlR9Srz
spotify:track:1cYudm5fk5igcsjroJKmFw
spotify:track:5AMrnF761nziCWUfjBgRUI
spotify:track:1QpHhKFLbcN2alQ9YFRL0l
spotify:track:4JyyMdTYit34ocdVgNEgWT
spotify:track:4YkRz4TT518ja2kH3DGFe4
spotify:track:41AlRJniGbvQ8chU2xOp8z
spotify:track:44p8HtTtPp81ESuZP1aix5
spotify:track:3WDFF8jCEHqr4sDzwCperk
spotify:track:7t3qBNw37k2P2OmgK0MilM
spotify:track:3hM8LtazpItCBdE46i1m2u
spotify:track:20w7M6CghcUZTIrlqOyuzL
spotify:track:42tBlHWL3VfDkUM2iWcc5p
spotify:track:2maEFaoAyNjQVv14Hm4esN
spotify:track:1xfFPJdRjgDAaMcDgbXwyh
spotify:track:2DgMxFMUQRPthW4ROhjen1
spotify:track:7HRv1sYuwgoea1m0JRvChV
spotify:track:1CKhx6sSkUxzomXnYZqSMh
spotify:track:4sEnZad9gvLSLkyt8DW11O
spotify:track:6ov87ZmFzA62REV8KrbWXj
spotify:track:0I5AyTmqxgeov9JJbRK8nn
spotify:track:6FkZCpwSLHCrcl7BqhyY9E
spotify:track:5c434NcYl2SfhW0lfBgp1t
spotify:track:6vTl95b0WogA8B3sqJwaIf
spotify:track:4HTtkQ2JGRlTsuBKgcNnSm
spotify:track:5lO1htX1UPjwyItDLurhR5
spotify:track:1KTZw6NMt0rSIPYKYQNEWd
spotify:track:2zZRbwPqr0NDwOIYc3jE7T
spotify:track:4luZC5BuxwwBGYvKIJukEH
spotify:track:0RLTIs0VLf6npAXuwGmfRJ
spotify:track:344spUSRUifQy5VSAWw8OI
spotify:track:5tip7jSweWtOl0kEHNS3fV
spotify:track:0CjKzgDc9ve1PZZtLl8Wmr
spotify:track:6U4lBf0dr6Ge70IWRTOZE3
spotify:track:0O1xkyil1ij9HKH9ON8abU
spotify:track:5c16qTJKks2JuaKzKPv87g
spotify:track:5QgFvAiE7oGCBLt20wYYb4
spotify:track:5r7MNSIiExVZhbFt1FwCBz
spotify:track:3XggqXq3Nv29mIi7oFNpuS
spotify:track:4cHAELaZ3RGK6QCdiVKhDV
spotify:track:2gPFK3pmM7zzws174NrjkG
spotify:track:3rUp2KF3as0V3EQfXUDmHI
spotify:track:4UF1eupXP9Zz5GpYepyOxI
spotify:track:6oqJLFTbJ6PkgPfU0Mtjix
spotify:track:0Tvl6Dhee6vjz65sS3KKkK
spotify:track:0HaELdKUUyrNiDzuADLEoa
spotify:track:1TbK5nWKIxZYIRVurMvkuR
spotify:track:2MezBubDifWPEcXg3ilkit
spotify:track:6YyQRgxpJ742mBr89WUiWv
spotify:track:1qbk0ZbuSsgsWoFLMTvWKC
spotify:track:16jeiBCoLEKTIQNtVOJbuo
spotify:track:1BBchFrBYLHPkO1K15qTtI
spotify:track:18Wi79fsl98HdtCBUt9CZ7
spotify:track:3TdIUdUICA5cY1svvOMFVg
spotify:track:2LxuU3AidVy05TqE9MWpGz
spotify:track:519b0EgnM3Mya1Oib7wI2h
spotify:track:2fMdNnSbeX5LwNP4BwSlom
spotify:track:0Fq0Ymbk3wd53jyNJ5s1YO
spotify:track:5wVduMEg88hSPVuwROWtD7
spotify:track:6Bk7YedfYYxj2nTq0WOhgx
spotify:track:7kwIGHDpZYySTL3gBnNuhY
spotify:track:36MuzCDFJ1AvMipAb5sV6Z
spotify:track:4m0BmlZUI0m256Ph6mMkab
spotify:track:26M22scGBlctVV5VfN7srH
spotify:track:5NRoUpO8jNEklTLR9JYkTG
spotify:track:107zylca2FIEIaFGZ8DNr7
spotify:track:6GvkFK3csPY4pnzBxDoLTn
spotify:track:3rDDLXDXf3ZM1a8pYvGfDR
spotify:track:7reemM0dEuWk0enyuJPQ1y
spotify:track:5XFe4hPyTWxbucyk6n2QeT
spotify:track:4gG8Con8ojDTdgyHYq4e6B
spotify:track:4fCEYSnyaeW5iw6sNI8tnQ
spotify:track:0WlrMVgbDgSZuZwP2QpwMf
spotify:track:4sA3ZvMwkiF92RiygS5Fc7
spotify:track:1lqgfrnKT6l5vIaVkmFiUv
spotify:track:331OBq6Xu3D3tPldDlLCRL
spotify:track:5WLsAfajvm43QnQVa1aZbN
spotify:track:17OSBJahVbldT576FQ8xrW
spotify:track:2jwPEjtttLdKwA4F4aq4cW
spotify:track:1VQHK4d0WqsnIfmJOnzERH
spotify:track:1XDOYa46I2r2WIK2luu8EC
spotify:track:04UeIrn303P49X5h5RJH1u
spotify:track:5IHTF2NIOgbBCaoxiy2GFn
spotify:track:1QqWs2EkdBSO2MtAChiJp3
spotify:track:64tUuCHT5PSI3qh8ZmFtnY
spotify:track:0GGSYsDXfaCq5qimOcGth7
spotify:track:0DZMy2bmtXXuSZoUreGE5N
spotify:track:6rhLnCsefYOZpPaIJZ9iFi
spotify:track:4FMaGGx4Qw5s1lT5hucy2X
spotify:track:0aQjNj3qRfX62Bl9NUmTak
spotify:track:27QmmjFlvFwPrU8PHCNGiy
spotify:track:3cEFQApTjBswGWDriRXDnx
spotify:track:1IvxD9ic38EqCDZJkjZD9v
spotify:track:1wQPh3k4rfhvBHBBX6vjB6
spotify:track:7Hh8uQRwnlSV7fYZTB2G2D
spotify:track:3XSD6futyyccFfWa8GRSow
spotify:track:0aXUcEXBdHrekqfitXsN4U
spotify:track:10dTTsgL5hPujRahg22tan
spotify:track:0nyrltZrQGAJMBZc1bYvuQ
spotify:track:4whShF7Mqm5ZaNcHMrsedn
spotify:track:0P0Tlf0Szt5VnEDWybqrjt
spotify:track:3e6ansnJY5NrRWCrm87nzG
spotify:track:0zGKCcCnkIuNBYyROYYahX
spotify:track:0sQ9ee2jJNTQgjy55Pse5H
spotify:track:1XRgIKC5TPwo7nWGyKqgG0
spotify:track:1H56ffyFrFcvMEWUg3WFbM
spotify:track:700xxgbIpH0YNMideY7sWR
spotify:track:6MNfoIb4EDeXbIS8TroQzw
spotify:track:1czzmAtPTw287TyMQEfCfg
spotify:track:0vYQFeUAgxEvPptkEkRgLH
spotify:track:6f6OQJv9qjqyJq9NHin45n
spotify:track:4vuoL9ldmpmZcXm7RkhQvx
spotify:track:19ez4TX6bQxjAZsIAywNS1
spotify:track:0rIzxXL4cQzPBFtF2NsOSI
spotify:track:32xx0fAv3CIeGmNaWTHvEF
spotify:track:0v9Wz8o0BT8DU38R4ddjeH
spotify:track:3eze1OsZ1rqeXkKStNfTmi
spotify:track:60xaS8mYBKUW4VQQ666N0T
spotify:track:6m9qPYXmhge2QhBLfFKnVF
spotify:track:3ZLyt2ndLFBh148XRYjYYZ
spotify:track:1Uq3IOIy1CUlHUgP6vWpum
spotify:track:0jx8zY5JQsS4YEQcfkoc5C
spotify:track:2fl0B0OaXjWbjHCQFx2O8W
spotify:track:2VQc9orzwE6a5qFfy54P6e
spotify:track:0WCbhE2evMrIwRM0DlMy9k
spotify:track:6VndlbaMjAscnEeqrVkMN2
spotify:track:1I6pKIyaBp4OebTGLJpCCC
spotify:track:0KKkJNfGyhkQ5aFogxQAPU
spotify:track:2mrZYZGmPFV3QOyYPZ1zsn
spotify:track:4FkPNu2JHFDJgEsM8y8ve1
spotify:track:2uynvbR7BlvyJ5V9VWXkxs
spotify:track:7LWgzu3osa8tM11COIgmwh
spotify:track:6xANFc4ajkfCOCivvrtD7U
spotify:track:1e1BUP7FUzpyzQl6owUMkW
spotify:track:6CTG85NJI1Wm60pxTSRNwL
spotify:track:2iiVDZM7xLx0uWXw11teJn
spotify:track:7oIcPF61r0L0172I1PAZz0
spotify:track:5OxaW0vXDcmPKLOCLRKneT
spotify:track:0cWpji5RC6h5rGfhikqVOF
spotify:track:0PgU3qcRXrOKHkA1BMJNSj
spotify:track:57kl4PC628tzFjAwdkc8dL
spotify:track:66Z3swruBoW2ZPiL5NkV9L
spotify:track:2DKn5FGpnFtoblRATZrnHm
spotify:track:2s265HwbouQNdueFZLpKpf
spotify:track:70WvfzHoHZNMAU7s7mWYzy
spotify:track:7m5xylgWEaIfaiUX2aLfe3
spotify:track:2Ur1tpXiC2hR0AUvElaaru
spotify:track:4BTyZ9WSOuwxhGirETkXeR
spotify:track:2sC1UEVU1DQpYPkt47EYav
spotify:track:2pQLm2Hk3R236JeXPUP47L
spotify:track:0RQRKFExoZmA909WAKKCdg
spotify:track:7tSIxc5iGIFHyvYLu6umLg
spotify:track:1gvaxqNiJEbQzWPqs72kgG
spotify:track:5wGZi88I7A1TmrUQowD0Wl
spotify:track:5DGnlowf1fjT7VWsoeRDlb
spotify:track:41sW9ZPxYJCUj0Bw0jfJTT
spotify:track:7KUBlz0peq7a2RBDjhl0Fd
spotify:track:2KDERQtl68m3A2ZU6CUfor
spotify:track:4SObRrncNhzkPq7hrvyUrA
spotify:track:3OwbRWRebostjR3D09IKDV
spotify:track:74sEAHGLjLCjtvaxTnAJHv
spotify:track:4Jph7VTcvnlEYYtM1QpMyL
spotify:track:0qmvQdeg3pSanQ4iqL1t2p
spotify:track:5mpLcXEsk3jjzLFGuNKk5I
spotify:track:45UPwxalBMM5qzHUlogLdJ
spotify:track:3Y2IoIzOe6GNEdnbKnU7wO
spotify:track:63TpkG1kvi7qL3lc7DeDn5
spotify:track:3ANXf9MYtpjCCWXiqbMJfK
spotify:track:7vQbvop2QB4MXE1N5MOfE0
spotify:track:7lNVNKD9KaoMlVJK6igyFC
spotify:track:2ZWKkPbb9oSsZizKdvAL0T
spotify:track:4Ee5140BdE8S0wHlWjq0DO
spotify:track:3QuSHJUfvuOyeKMS32Wckj
spotify:track:2uiTBklIqGQhPYdlUGvPl3
spotify:track:5Kwd8HB9VQ12yFSu0dM4Yi
spotify:track:2HptWPVFocwebcHSgJHFEo
spotify:track:0j8bnD1EGeUPjHBnXPHibI
spotify:track:4ziNEnmyNT3AJL98nfXr0D
spotify:track:1RMJOxR6GRPsBHL8qeC2ux
spotify:track:7zFXmv6vqI4qOt4yGf3jYZ
spotify:track:1boXOL0ua7N2iCOUVI1p9F
spotify:track:3E895HtTn6lB40SA0l9EkL
spotify:track:1jQfgl9WRle7D8a3GXLwaD
spotify:track:4nESnAOALHmxg8UFCCtXhO
spotify:track:1ygy4c8jopCM9lvgrwqpnd
spotify:track:7HnkUNPrhRurdGEm9nRYFH
spotify:track:5bPZPEsUACrQXER6FcMs7F
spotify:track:3XlzpaHje8MlpaGe8twgr7
spotify:track:7Cu2COdH93MnuireuKNiS3
spotify:track:1GfwrTKOzOxK2cfPcrMyuP
spotify:track:7fOwfp4u4UD9REy0SOXIGO
spotify:track:0H97dChZM6dlpNOK4q6psA
spotify:track:7bTGhCkrQc9jf3EU9om0U5
spotify:track:62iog0a7P9YAOCKyf5Gj0M
spotify:track:7xlXtBpVppMkHikVcZt2Eh
spotify:track:0XU7sDTSh4OTO1GFDtN6ED
spotify:track:2X5uNS1G9qHTNbeLX70B3W
spotify:track:53xfloElpozX5dYit9lAxR
spotify:track:63oB3Tc74wgJ2BzZqvjXO9
spotify:track:3TpeGTCS2dnFyH1pyYc24m
spotify:track:3QqN5q8nNzXzIjRSk5l5MM
spotify:track:1P2AsgHPprFqcrStCYGAb3
spotify:track:7j5faoCQVD2V4ofeG4sPAw
spotify:track:3scsesFAx6DP21OFGWc9Ua
spotify:track:5aC0QmgjYGG8QYgAg06nTk
spotify:track:2iIQrVAXjTtcBBpeRJ2MkZ
spotify:track:0EhlyFwy6rx28FcOloyVcx
spotify:track:5FvlQZTm4eOGeUiAB1bKc9
spotify:track:2MZj8Q6zwjLfQyk1gonZYv
spotify:track:1P1drZCIcMAqTMbO2DzImN
spotify:track:1xv16OOHQcYUiS0y8pU9Kx
spotify:track:3vA3kv3NDvOpFQA3bFkGbw
spotify:track:1Juj6Rg5MhutU8gW43934B
spotify:track:63cYX4nX366Ojj33u48wQQ
spotify:track:6FlgXdr8JJLfQvMoHQjE0r
spotify:track:2q2EaIewdQJWtHBceoLBb4
spotify:track:1s32M6QoeNRv3o6gr11ECU
spotify:track:3GsyiUxexVJyKz42CD8Dzl
spotify:track:1cotJPbhAMOdrGqwi4BBEL
spotify:track:55M8VNkgmLHPiBrzEiniKp
spotify:track:1HvAnEdYPFat8ZWSvi5Edx
spotify:track:0u7nB1PFBfGdKh8TrwRilH
spotify:track:1F7euzYeo32NncoyEBo63v
spotify:track:0LIWdQYtRXSSiQ2wuYhwEz
spotify:track:0dSHxJsAOSRAP1DzwjgpRI
spotify:track:0LcfPNErwpUQHoUI2TRS56
spotify:track:1GC4g9vf7i4H7qPn8vvD5f
spotify:track:4kfQerxbqsZgi4uWreRjZS
spotify:track:24NcYbEauj5ZYpq6Rp13q1
spotify:track:2cCRzB9HNdJMWRDBtRxOxL
spotify:track:2POBjiJu4HtVQbkdQc4PFS
spotify:track:1PX5IWU0qIFzNvOotnd5ty
spotify:track:20xLBgnu4Z4S2feBXMccz0
spotify:track:0GhdsifgVMNt7M2gTHQyA6
spotify:track:6jGb3Hhy6Dfhci1Eb3au0R
spotify:track:15sM49gDVpEESZxgNZCoJt
spotify:track:3YMFy0OVhyzlGsXq8J4wvd
spotify:track:0XZuJoI7RvGFs3aJW8xtpf
spotify:track:0ZRroF8QnXbmEb1VRcqZnR
spotify:track:09DFBUeBIta9g2dGlxixmi
spotify:track:0jikR0eJKtOF504fKD2tyi
spotify:track:1dusyxAShSdwugwYRkbD3n
spotify:track:01kFN33z41np5Q6xMdfA2O
spotify:track:3fayGme2IVm5psSyGgZjx2
spotify:track:4so0Wek9Ig1p6CRCHuINwW
spotify:track:3IiS3fVdtsMPSHsWBgDcFn
spotify:track:4ylO0IAVZviyGLRsFgj6Nb
spotify:track:3X7xCWOmb7UdYJDGP4oNIx
spotify:track:4PzbfknNNtP82NyAz75ixa
spotify:track:12C1XYFQGZYXRYJNbsgDc7
spotify:track:0Ar318cfljZEyc6nLN8CxG
spotify:track:76FAfdFlazdZxS63izv3j4
spotify:track:2IDHCNFBTUrNzppadVeW0g
spotify:track:0EQdzLJgYkOw2jNqcp7NxE
spotify:track:6NMhSnjU5rvlqOcRWjAT56
spotify:track:5Mj8y3O3hkFvkgZ8jrcwc6
spotify:track:0l8Sd9pRtBvhvXROJ9EuQN
spotify:track:2fdcYTuo3Z5HMMEu8n3H3o
spotify:track:0Uy6mx0MvKR1h8WA0uZ5zZ
spotify:track:556aUAoip01OXQhrX3Mz3W
spotify:track:5nxdLy0TGYUnJSIFT756gq
spotify:track:13OftSRPrXmdaxlFNsqDjp
spotify:track:6U2WF2Ojbvgbg2k1G3BbFn
spotify:track:2EWG2vhqHcPA3kDKf5337J
spotify:track:0ZvrvEbZ2ZnayfFVgj1gOD
spotify:track:4UgNmzmLjd4oBSv96a0zoA
spotify:track:4NYWEwXwYOOVlP79FIjo5n
spotify:track:71pBDJsWlwppO2guUAmaQm
spotify:track:69eMKA6pbA36eIPSkyFHng
spotify:track:6xYloiVRbrZ3IAX2exG7U4
spotify:track:1KuHDGy42JRBP9LyBjmbaO
spotify:track:6YtEyE7ZVIJUpOGnH6qdsz
spotify:track:1ZvGcyu83vnbFxabLbfzzd
spotify:track:5cf1ZfI16kHp3S1ySpQ36G
spotify:track:3FQ1RJf3hRyC61cQ4VvDHD
spotify:track:0EBlj9BJsCVaJZvxELgsl3
spotify:track:2dH6JDf5L4kQnDAtxBNeio
spotify:track:4jCn9Q3mqAm1m4PoCObIE5
spotify:track:11AO51800ASpJAGvmNHWfa
spotify:track:0szSOfZVM3G5mWI1ogQjr7
spotify:track:7axefC9lYm0Be292Dy0Iar
spotify:track:6jqXXhT7XyawlsN1kTLAYr
spotify:track:3uDInsJZo7CsTZLQsBKmwy
spotify:track:7f3oaJ7KwuRG83ABu9ZTV0
spotify:track:2RcanAJpudPNDkyIe9DzKS
spotify:track:7e0j6jReCfN5KJkDNLHyHQ
spotify:track:64s75Jxg5DILfpihY7q56H
spotify:track:1AY001zik4a6IFFE4ZrV9K
spotify:track:4bG8pVAD9BA3S8qFeRvVYZ
spotify:track:7K2BX6zltKq9a2MVB0ivkz
spotify:track:6jYfZbK2GmfwwLLOYVudrI
spotify:track:6s3nF4cPHbVJwDB3Ra6IuJ
spotify:track:5QvxufjYSHVZoNLhEOL9AR
spotify:track:1FhGOQLalS0eXLL0Wkwzp5
spotify:track:2D9hcvCl5JhpmmqPVPgAFG
spotify:track:1pynf76l80VPFR8pEQRLOu
spotify:track:2taJW7UsqdWPs9c4HIWWAR
spotify:track:4QkLD3kfSWRkY3nhGkdPRa
spotify:track:2OjHlGaJN0tfTN6YtClmKr
spotify:track:2xIByoNTvauXV6BdIgQ1Sj
spotify:track:4YOa75mVSW319afsj6W6wg
spotify:track:5QmEPEwd71aQWYRnnF1Tin
spotify:track:5hta2od3e6jW2U4eenUFFB
spotify:track:7fEQ5wVK2UTqiBjr64XIbi
spotify:track:76RQaGtDI0w3S4qZnQdvwX
spotify:track:7g5a0iIYD86TqJj0uk7d2Z
spotify:track:62mpExLFhL1oZNilQn3bbz
spotify:track:4NgXP74WJFcS5vAdbnFR3F
spotify:track:5K9f1sLmvp9yhlZB6hVa4q
spotify:track:0Y9zCmYGaTdEt6Qx6G23P6
spotify:track:3koOCtJQw161swHvBb8Fwg
spotify:track:2eRmjYHL0FGtzUBW3S5l6x
spotify:track:6cvh4pnFG4V6md9pEglFhE
spotify:track:5Ufv8Cu0pVxFNesgDJNnty
spotify:track:26nDDfG7ySBM7Uy3ozXL3V
spotify:track:20OpwTNO7EaKGE64PQT9Pq
spotify:track:5zLSrU1oC9mxzQKBV2pT0B
spotify:track:6l03rgCoeeyHLAVknXHw3f
spotify:track:3Ko4LHjdNnueGxDznKqCVX
spotify:track:1WjXiIeAVBBYTjyY8a8FmB
spotify:track:6l7SSPYeocRY9TVL4te79t
spotify:track:6wKuuNQFBkHOpFg6zukyU5
spotify:track:3FeYusJP0HmqFlGuhYR3ff
spotify:track:01WeILJQrvZXeWhxJ4OYOd
spotify:track:2ClYvY2kxsvGI5ttdbPwjh
spotify:track:6GwY5VPMxYpIlkIAdKJlSq
spotify:track:76pkQH3s3OVjO3KMEkcci0
spotify:track:7tdfXo7TDPupnjqzo46P7h
spotify:track:4QoGP0f9WtyqXFKsSLgiwg
spotify:track:374buquHBf8KY9edm9SBtG
spotify:track:18lUaFqM9TcaDELUmxsJIY
spotify:track:1DoS5ql0TW3ejjJGHbsAmz
spotify:track:6spL6oedXIkDCpj7ON4DWZ
spotify:track:6qMExjyIOHf4M5rf8Ft2AA
spotify:track:0Uxmhbm1sUiyh6geMnwzG4
spotify:track:6iLMOVSTV2hYwWke1HzmY2
spotify:track:0XWx0pjazC9v0j1rH0mujw
spotify:track:5FzduG6qGsfOMGxDQVfjob
spotify:track:59roaq5sdWiH6YUiZLwBz6
spotify:track:7KkpZSHhQXcecsB0Hgu4Wd
spotify:track:2DdlrqqEg3ybVuHx1EWhvD
spotify:track:7zmzkaT8Fakbh8mnXI1xcs
spotify:track:6HvszDO2o1AMksqItCl3MW
spotify:track:3griMd2FSimhnvHWOveakD
spotify:track:0c0LMaDbbmJC1rYpyFltoo
spotify:track:2cOUR3ruOEkI5EPRB8sWTe
spotify:track:0WtuSuOI7b3sOJTkvECga9
spotify:track:11GV0eGmuxqmrxGuzA2X1d
spotify:track:70lmlqQYrwKIZhhLGCruDx
spotify:track:31YUWoIrGzlfkptSVXoNnF
spotify:track:421WYVjMhYS9JSWYKNok5T
spotify:track:400VxSrldfApIByfVB5Hjj
spotify:track:15fqjKD2GRsATo9QlWn2gi
spotify:track:0ykAtkEkJky9kKkGGRMQRG
spotify:track:6hlrOXYBYqn557msu8yMfa
spotify:track:6guvFzfj6YbuqMOR8EwCHh
spotify:track:73KIiGHKnwt7TUDkR0vO1C
spotify:track:3tyBRjBUg5TEidGGGBAo19
spotify:track:548Z6uSTl7Zp2Dwt0p9flj
spotify:track:0I5fPx6kaubuWaN5IalTpS
spotify:track:69KcSGuI1JBAunnGK2LwVj
spotify:track:0m1vJUgt15UAzV8TCtpBlm
spotify:track:3Ys3JNLgSvBwL5j4wvnUAx
spotify:track:4v4wALYpddHGjEJmejG29E
spotify:track:0hEEPxCW8iLgRUdpUckssO
spotify:track:6sXov1I8oRxeEugA9Oumxi
spotify:track:1nUIX6oKFAKvh4GoW0zojR
spotify:track:5T7LRFc3HfK4AN0r14ZbkQ
spotify:track:6Kk8CRIoWU6Ddf4AglKM5f
spotify:track:0QMG87HduIxdegrUai23EC
spotify:track:55GvRwJqX0XP3ANQB7g6t5
spotify:track:5QSRSv2eJYrWBy4myx046F
spotify:track:7FhKuFopFs9DZqocoHOvVs
spotify:track:4BcXhdZt2cECMQplkQDQxn
spotify:track:58ld9nKbXWNKB0kc01bKii
spotify:track:6V1f1eJ6MPNfLQXPmzqXja
spotify:track:6xLTKz3TjrB74NLr7RhHpZ
spotify:track:0MmbAyPpMpxPsGYhbBn23G
spotify:track:3OVClTQHE8O9PbBb5kOoR7
spotify:track:1ikpsn11zI02kWHtVw3nOa
spotify:track:2SC0OwSqBMfVs9ZqUd3tZk
spotify:track:7jTkJaI7gfvbMSUbMgxmzM
spotify:track:07QZXkXxtkjlm1GPxfH4gt
spotify:track:64DkUADFBHKvEjEbh0cXcl
spotify:track:1qVLeMhWGsAEP4rcinFkYA
spotify:track:1yNdbMd4ucR9V6UfdVHJd7
spotify:track:03wn5kP9qGwFHz2hpP2GrY
spotify:track:1F4lm7DxvpNvXfT3cGuJCb
spotify:track:2NTfZSXFnkiryDMplqEFSv
spotify:track:1IksaRdqvnduRQqNRMdZTn
spotify:track:3OhZdTcwr8eho3iol2YqMy
spotify:track:5fkUSLLclp3LdXiMw3zTgR
spotify:track:4xyiM6KWF90l9wQh07GJvN
spotify:track:5lyslBBFXOiu2uB0sEdLSa
spotify:track:3lQu0W0vYlspohW9LNliYC
spotify:track:63qps2UseM4TTaciTdeK59
spotify:track:5dqINJU28icQujnJU37BJS
spotify:track:7FXR4D71a5iQ6qtSHARkPs
spotify:track:0XhxyzxCoJ15QH3J4HnCfW
spotify:track:6R6P2svDNwlc8bE0keLWaV
spotify:track:41ngfIhPv1DkwHozVjH5Yc
spotify:track:22SVffE6TQeEIPtgqLI3aa
spotify:track:4UBbZaigvacECHSJIM2MiV
spotify:track:3vU3NSAS9uxSg4gLbNLViL
spotify:track:5PmVqECxxW8pix05pb5gjv
spotify:track:13TfD0g69nL4M7OtfI59oW
spotify:track:6miZ8db7XqaLpgKip2Ubhd
spotify:track:7pjG0uixjZKFqsj05SJIOi
spotify:track:0vYAItv84T1gwGXgSd3RVm
spotify:track:6GdAjHpwP9tARd44GUaizz
spotify:track:72vc2kt9CCNmjaba6MdhTd
spotify:track:6aNXqtLgxBPRFAH4tkn2Xn
spotify:track:6KOG6sN68YmKTuzKVbIMnj
spotify:track:4EjqxIf95tQsUtF36YaFt0
spotify:track:7MlxdwvUtdTzeCG12qRWk9
spotify:track:3aaprwVUV6SacmcqZF4I99
spotify:track:5Kkpf5Mg0xQZF1REiSGJpB
spotify:track:07WLrVRWqGSg3NG3K5B9FC
spotify:track:5TpEtiKGAljXxtjcBqIfIc
spotify:track:3BA4y1ENVDOeT7XP82sk09
spotify:track:0l1KG1a65GW39PsIEn1H5h
spotify:track:1tJf9tdBDvK130VCj1VAmt
spotify:track:0KRBBQiQRyN6KIZT3fEf06
spotify:track:65J9gqluwGiMUfLeeRlyNn
spotify:track:48yjwSgnE5cV31gfSel1WV
spotify:track:0tK5Zvy4HttHXp9ldVm0EV
spotify:track:3LMvyfd6x8OVW6VvYDFlNB
spotify:track:50N6EPhnmazJFkWvzqynhb
spotify:track:53QeelegqpAqMah5XNh5ef
spotify:track:3L2kaKpmmsw3XMp031Xmc6
spotify:track:1vK4z898Z9quOu7VKGFEXv
spotify:track:2XTFzpp94faiihcFaNWYR5
spotify:track:2p7HK5kylOOYeBXyJJbBru
spotify:track:18aGDOpPblt4w29uE9NMbd
spotify:track:5svhO7n5a0IWF13hqZWaVc
spotify:track:6iCJCZqDJjmBxt07Oid6FI
spotify:track:64TjzuxG5PJ7payjphrOC0
spotify:track:448V07W0zPY7ep7Dtc9Ukm
spotify:track:3QJUvByLFesgWYAgnL8JbA
spotify:track:0WSPIU3Y3bNXsGeKnzSnt1
spotify:track:3aVWHs31RqqKpuZcPvdKeq
spotify:track:7GwXIkPT4jxQ2q6mhOmoHM
spotify:track:4dTc3yRMmsPejJSQOXJpaB
spotify:track:6jLF2AyiMm2mqHrILs1jr2
spotify:track:3W2Xe901kCKtc9hsJkWNDi
spotify:track:7piUqHlWaHmOu5nOgVKASE
spotify:track:2flTu7Hr8iXcxpcqHZh44x
spotify:track:7g516Dn1Xrp8OdtLntHVmr
spotify:track:1RAqkxB2J6ePzv2qyaBsms
spotify:track:5aJuA3SC8YGjsqlLJo8rrB
spotify:track:645NKW4cYsske3WUgD313R
spotify:track:6ICppDU7tOPX0rS6qA0aEN
spotify:track:7sDndf7xZpqWiSHaXZ2VxF
spotify:track:3yiXBE9dTnIs8rKbnZcACi
spotify:track:3lfwqNbR5WpC0DxEdliggn
spotify:track:19kHfVssE0bhCAtRSPqWP2
spotify:track:3rq5nDt1KD6V2rE52s7gxt
spotify:track:43XJiiKsIKn9G56GJUBfM9
spotify:track:5WpLfhGebLyJOSM4xkW6qP
spotify:track:5HgLArw5iKY6szC55OWUPK
spotify:track:6b3KUNSmJL1qIfi1hF1G6Y
spotify:track:3HsP8NGJvDdZqdlv9OyORj
spotify:track:64MHnMvyOiNJU9tmUOBjeV
spotify:track:73SDA3uGllgkNKrMNT1FNK
spotify:track:4PY7KuxSdMKwyWLu21A00Z
spotify:track:0ts84OMi1c1ugEv7yRBqX2
spotify:track:5T7Lp7LPLgIqvST84TMl8u
spotify:track:0TS1IFi2pZ7WmDS6W1ED1k
spotify:track:4MPmJdPjL430IAk05GHrtO
spotify:track:1ceygPiyDW5hIuezL8EKFh
spotify:track:1nvUklDGfJgAADK3cjuAOM
spotify:track:2i8i8R9i7ybIPjP6F3ZbRl
spotify:track:1S4dkoxW1qwb4Wx4B48eO4
spotify:track:5GYtD3bqh5VMi7N33TzKoY
spotify:track:4VaQ8EIICRtmCfsupo7mdd
spotify:track:21PY87uGzK8qTeAwqN97Hy
spotify:track:0RrWfbUp6TLNE1x9dVHtGp
spotify:track:6XkvVD7tKDWJL4nYarb4h3
spotify:track:72EemVpOmY3tGYQcBb0hjn
spotify:track:78X9lpabmPzUhiKm3wWwZ2
spotify:track:7qFjUcCe58gteupcK7OBLV
spotify:track:0B2eb14K8ZNRyguUNkNnqr
spotify:track:7mB0647SKtWLgXz9fjaDxl
spotify:track:7hfimnTFaC5v4swfvLf3XI
spotify:track:5Jdn3BEBOkYBcA5sVxcrWO
spotify:track:0EmfeAeTyUgPSrYFadcFa1
spotify:track:1nvhO57WWG3h00WoXx1Zik
spotify:track:4EmyEMUGdH9TJj90mZ95df
spotify:track:5uH28BQqlYW59oqzpMQ33g
spotify:track:6Nvs3Ocq1f8aQYDUcsC3fA
spotify:track:7inF4bWDnx5HlWsPcG3H62
spotify:track:1S41T2ut4htQXsJN22aETb
spotify:track:6gs2pQfRUjbKlLxBj6aE2k
spotify:track:489SQpGobA6xy1JYhJpjhS
spotify:track:0HKKXDvTsJ3qo8A1OzKdYP
spotify:track:7vHVU2iM0R6YvMmHFnQhpy
spotify:track:4wqpGu7cdUvQL352TP6QWY
spotify:track:56CdQu7L6EAHcpPJGk7ze7
spotify:track:1jAtbQmtDkedd11jTcFTKT
spotify:track:3HuDN1d60iJPAJj3ueKhHl
spotify:track:35tWhD29yvWwB0IDRr6zsL
spotify:track:5POEFQCKtD0QxYLfZ2kqEx
spotify:track:6w6SW8zyEcyxwSR7Wya45a
spotify:track:6eL1ncVDtQHgSm3E288TS7
spotify:track:3lW5j4AqazRxwdVaz4svpZ
spotify:track:7l0RRYJt5f01OVx7sLj4uo
spotify:track:1IIJ8XzyMaNQfDqgvLFu7T
spotify:track:0CakItqJgfO4qM8F9HtvCR
spotify:track:5VE1okmCOLq4Na3sKbos8G
spotify:track:5Q1tmxJqT2hxz2MzyM1nfK
spotify:track:6sCjUeNGsv5HlFkDRst7VG
spotify:track:4u1WcWKKjDwwG9mO0PNsrb
spotify:track:20VuO95A8RxUPlShnfYArW
spotify:track:6X0ufegIaeHxuShNKKmIGQ
spotify:track:3y0WcZjvgK1t8GdMtuNfOk
spotify:track:0PCDUWbjE8BicD3DpFeliA
spotify:track:5yY92Jnug11WuTnMtOOZHA
spotify:track:2MzwJeNtBjbYqJBbU9ZqnG
spotify:track:3gcT0qbO6Lha9cLpJlZELy
spotify:track:1De8FIr9KBPm5owb0tmRKv
spotify:track:3ySU5vwQB33iGulwcUL9qQ
spotify:track:4djIFfof5TpbSGRZUpsTXq
spotify:track:5L95vS64rG1YMIFm1hLjyZ
spotify:track:7vR64t3B1hWfGYt9U19y1m
spotify:track:2kqoNBkheNclHmsyjMMQKy
spotify:track:7sggBSMpdtpqtISmXvr8yN
spotify:track:3fSps53A2agi4sDU84AEmQ
spotify:track:0w4m3Xp4svlIoyL94Zjlyd
spotify:track:6acDlNeA06MCVCzsTVGr9V
spotify:track:1jJci4qxiYcOHhQR247rEU
spotify:track:0xxm1WskKZSCvbkGjkSMr2
spotify:track:5TNfSU0PDRUd03G1TzRjyM
spotify:track:7iuHBHtxQNKRTGKkYpXmGM
spotify:track:6AoYWCzsDls6c61Zp5qTuU
spotify:track:4lh1PamTsomWbFpkOPyfrD
spotify:track:4Hj5yNHgu2dyrnzRQN7Gld
spotify:track:4wlR30YY9mb1CsQkf9eoTP
spotify:track:7sdqtgsO9zxvKdrrVDpaNu
spotify:track:7yQ2NWAIeDcIEauyVG5lck
spotify:track:34yAAS72vZUXvsQPHGZexE
spotify:track:7faL4ndjhVRRX2avbPxLzg
spotify:track:4bgXEwLBvgVywxVlfaEpEm
spotify:track:5GgGWSl5gnwV7UyFaqtdNS
spotify:track:0ANwL2QtywgwiAG5d0TEuZ
spotify:track:4dVpf9jZjcORqGTLUaeYj9
spotify:track:30sc425JEvj3tgmGAKORea
spotify:track:7d4coyGabEbHZ5tRpTbQT5
spotify:track:6qnaCx4wQQBqFd9XdQyWjC
spotify:track:0DRvClQbN9znQ295sx76VC
spotify:track:6XmOUsOiaIXZ16izZtkW5m
spotify:track:7y8jbNQqWh5zqIdU49EVDv
spotify:track:27bBjan9bD8rUESGYqK9a7
spotify:track:5V0HmhGqwjoDq0cHlI05GS
spotify:track:2Er0f1mhO0g1rov9Cdi5Wk
spotify:track:0lGEWOZvMexZFXckBJxlVO
spotify:track:3Ika1afPnLLHTvuSHKGY02
spotify:track:2jgSHtEZ2UxQSz1lHrKoVl
spotify:track:4ZudvHK2Ze0rrsGC3dbOCp
spotify:track:56viffnWGBgb1LG2bTUmk3
spotify:track:0Dmnb3C3GaGdyjlyWaWLDr
spotify:track:05UXkIk9C6YnXjvyL8Ipgc
spotify:track:1hbB7wFZ28n5vOfMEEY2Jw
spotify:track:6e6VlzrbLQtXpfcwS77sTn
spotify:track:0x0Qdvk4RtiORXJYhVe9qF
spotify:track:5dzbgBBmVLNiG5X6CtiKpo
spotify:track:2WqlR1HGlwyId8OxFk52O7
spotify:track:00xa1Km8WBVMQK7mzPGGWh
spotify:track:1KcZRMyC2tSs3CMIsng9wx
spotify:track:3TAMiM8XFmU9vFd333pgRh
spotify:track:6ClegJZVD126l3P9jePsgO
spotify:track:2BQZvZsA9SRafvWEBSQnri
spotify:track:1upODrEkUPszg2u5wBjCB3
spotify:track:5Ckm4Vb6lFLhBqGeBhs0mF
spotify:track:0woGGkKV4vA1giLN5F1lvf
spotify:track:3WtJpWPTy1HC1ntTrxQh6a
spotify:track:2Z1doegXyrqHAxQKSkGDRu
spotify:track:16eEiBTGXvS1qe0Cr90u6b
spotify:track:4Hp7vTxjvlN8i1rDZGNSXV
spotify:track:57D5CyAq9eBCI2ZQEfcaUE
spotify:track:07y84yBQbJpnvmkDeQD0zY
spotify:track:01gTdzQJiZ0dQbfYrStE3x
spotify:track:4PUzCh9oJwah85uSPGET32
spotify:track:2iQ2fs3joNeOhBMsxjw3x6
spotify:track:72PwhCFGZhwNNZsPMC26fg
spotify:track:0yT3JBkQzJNaS2mCXSPI8Z
spotify:track:5LjcCLfOGUCOOYjbvkjYBo
spotify:track:7LkEspOZkAO3H30Guga38G
spotify:track:0KMGxYKeUzK9wc5DZCt3HT
spotify:track:5eyMvXdA54TN6hz5iPWgCe
spotify:track:7A9AOXDX8g3rRZnLsiWJYn
spotify:track:6u0AflQhuGTs2yqoLAI8B5
spotify:track:1wNImhESTxvTNYzX3TwRMe
spotify:track:6jTOYjOQt2SlmT24vi9EG8
spotify:track:5O9NdUprHnZOyK228we9hD
spotify:track:5f0PfnOGNY49KYHhB0w7bP
spotify:track:5PVVOGfTJo6imLZLiAxQm9
spotify:track:46b4reE3EpMO7Yzm3m1Wwm
spotify:track:6ixURBEh8lWGpOm48YNkkk
spotify:track:15wSeGd2KM5RsKQMYWMHF0
spotify:track:2xXt58rpQSJ1fVTWQ1Dgpk
spotify:track:4U6NQ6rvQldeEXXqnKt5HM
spotify:track:2HcJe4f7yuzszcWtaDPOXk
spotify:track:6DOaVTbOAJUPDDUlc9a2cL
spotify:track:2KFg8kjYy0rYjWsXGhEQHN
spotify:track:1PyPK82Vd79mBJcuqA4Dv1
